0
1
3
6
9
12
16
20
24
28
32
36
41
46
51
56
61
66
71
76
81
86
91
96
101
106
112
117
122
127
133
139
144
150
156
162
167
172
178
184
190
196
202
208
214
220
226
232
238
244
250
256
262
268
274
280
285
291
297
303
309
315
320
326
332
338
344
350
356
362
368
374
380
386
392
398
404
410
416
422
428
434
440
446
452
458
464
470
476
482
488
494
500
506
512
518
524
530
536
542
548
554
560
566
572
578
584
590
596
602
608
614
620
626
632
638
644
650
656
662
668
674
680
686
692
698
704
710
716
722
728
734
740
746
752
758
764
770
776
782
788
794
800
806
812
818
824
830
836
842
848
854
860
866
872
878
884
890
896
902
908
914
920
926
932
938
944
950
956
962
968
974
980
986
992
998
1004
1010
1016
1022
1028
1034
1040
1046
1052
1058
1064
1070
1076
1082
1088
1094
1100
1106
1112
1118
1124
1130
1136
1142
1148
1154
1160
1166
1172
1178
1184
1190
1196
1202
1208
1214
1220
1226
1232
1238
1244
1250
1256
1262
1268
1274
1280
1286
1292
1298
1304
1310
1316
1322
1328
1334
1340
1346
1352
1358
1364
1370
1376
1382
1388
1394
1400
1406
1412
1418
1424
1430
1436
1442
1448
1454
1460
1466
1472
1478
1484
1490
1496
1502
1508
1514
1520
1526
1532
1538
1544
1550
1556
1562
1568
1574
1580
1586
1592
1598
1604
1610
1616
1622
1628
1634
1640
1646
1652
1658
1664
1670
1676
1682
1688
1694
1700
1706
1712
1718
1724
1730
1736
1742
1748
1754
1760
1766
1772
1778
1784
1790
1796
1802
1808
1814
1820
1823
