0
12
12
12
12
12
12
12
12
12
12
12
12
12
12
12
6
11
14
17
19
19
19
19
19
19
19
19
19
19
19
19
3
9
13
22
28
28
28
28
28
28
28
28
28
28
28
28
7
12
14
25
28
37
39
50
58
58
58
58
58
58
58
58
0
4
5
6
8
14
20
28
32
38
39
44
54
57
63
70
73
73
73
73
73
73
73
73
73
73
73
73
73
73
73
73
5
31
36
38
47
57
71
74
74
74
74
74
74
74
74
74
3
5
19
25
34
35
44
52
55
60
63
68
75
77
80
86
88
90
90
90
90
90
90
90
90
90
90
90
90
90
90
90
2
12
20
24
26
30
45
47
51
54
68
70
86
96
97
98
112
112
112
112
112
112
112
112
112
112
112
112
112
112
112
112
1
2
5
14
17
24
35
38
54
60
62
75
79
83
110
117
118
134
134
134
134
134
134
134
134
134
134
134
134
134
134
134
10
14
20
33
36
42
43
48
60
68
72
81
91
98
103
109
113
117
119
120
122
127
143
153
156
156
156
156
156
156
156
156
2
4
6
7
11
21
23
28
33
45
63
64
70
72
75
88
97
101
105
114
128
132
139
141
157
166
172
172
172
172
172
172
5
11
12
13
15
17
38
39
40
47
53
54
55
58
60
61
62
64
65
66
85
96
98
104
119
121
128
130
137
138
145
158
2
3
17
25
30
38
42
59
60
63
76
80
82
90
93
98
100
102
105
107
120
129
133
142
148
155
156
157
170
176
186
193
194
194
194
194
194
194
194
194
194
194
194
194
194
194
194
194
2
8
9
11
28
39
41
44
53
55
57
65
68
69
80
86
98
99
106
108
109
120
131
132
134
139
140
167
189
192
192
192
2
16
18
21
39
45
47
50
51
60
62
67
85
87
92
96
100
105
112
113
118
136
137
141
157
158
172
176
181
197
199
201
210
219
224
233
233
233
233
233
233
233
233
233
233
233
233
233
3
8
9
16
35
44
48
56
65
74
77
78
79
85
90
91
101
118
125
131
142
144
169
170
172
174
175
181
182
183
184
188
205
215
227
228
229
232
234
234
234
234
234
234
234
234
234
234
1
12
13
16
18
22
33
52
55
56
77
80
89
92
93
102
106
110
111
113
122
132
146
147
150
163
182
186
190
197
199
203
206
223
227
228
229
231
238
245
246
256
258
267
267
267
267
267
7
20
43
54
65
68
75
83
88
94
108
133
134
144
148
150
156
170
174
175
181
193
195
196
207
217
219
228
229
231
244
246
247
248
255
257
258
265
270
270
270
270
270
270
270
270
270
270
15
19
21
24
25
33
50
51
63
69
79
103
106
118
120
129
134
136
137
145
150
151
158
159
160
166
173
174
183
186
191
211
214
232
251
271
282
285
286
287
289
293
294
295
295
295
295
295
10
18
20
31
32
34
36
40
52
53
54
62
76
77
93
95
98
110
119
120
126
128
131
169
170
173
174
179
184
186
189
199
203
205
211
226
242
247
261
264
270
273
278
279
282
283
302
302
3
10
30
47
51
70
80
84
85
87
96
101
106
119
126
130
135
136
143
157
163
165
176
183
184
193
202
219
221
223
224
234
236
242
251
255
263
277
279
288
299
301
310
321
321
321
321
321
2
7
12
26
30
31
53
90
91
108
133
145
154
159
168
186
188
189
190
192
193
214
217
218
219
241
247
257
263
267
271
272
282
284
290
293
296
297
307
317
318
332
343
343
343
343
343
343
8
12
23
27
35
42
47
51
60
69
77
80
81
85
93
95
101
110
115
129
130
136
139
140
143
144
146
147
150
151
157
173
181
183
186
189
194
196
197
200
207
222
230
235
242
248
250
254
260
276
281
282
285
287
295
296
316
320
329
333
338
346
352
359
3
6
9
13
18
25
30
37
38
39
46
48
60
62
67
71
75
76
85
86
87
90
93
97
98
103
109
136
139
142
160
161
166
167
181
190
203
209
215
227
245
248
249
252
253
262
265
274
275
279
285
289
294
297
300
306
314
318
329
337
344
345
352
364
369
369
369
369
369
369
369
369
369
369
369
369
369
369
369
369
5
6
7
8
10
14
16
46
48
49
50
51
52
54
55
59
75
79
81
87
89
94
98
99
107
114
118
124
130
137
139
142
147
163
174
176
177
180
182
183
192
194
196
203
216
219
234
237
250
252
259
273
274
277
282
291
298
300
302
303
309
311
316
321
331
332
339
343
350
352
363
369
372
377
386
389
389
389
389
389
14
19
24
28
41
46
50
57
59
60
68
69
79
84
89
91
106
107
108
111
116
128
133
145
151
174
184
188
194
199
203
206
222
223
228
243
244
246
261
265
269
270
272
280
283
290
291
295
307
318
325
330
332
350
372
373
377
386
390
398
410
410
410
410
0
4
12
17
23
26
37
40
46
68
69
74
76
77
87
93
125
131
138
139
152
158
172
175
177
178
186
195
200
207
221
226
232
234
236
242
243
248
266
278
285
289
302
304
314
316
320
322
323
338
345
348
352
356
363
375
384
388
399
405
416
418
418
418
0
3
35
41
42
44
47
49
77
80
86
92
104
129
133
138
139
140
158
163
164
168
177
178
180
186
190
198
205
206
233
241
242
247
251
252
267
268
278
281
285
286
289
298
321
363
364
370
377
378
403
407
410
414
422
424
432
438
438
438
438
438
438
438
6
7
17
21
28
32
41
43
53
56
64
71
81
83
86
88
90
93
110
112
133
135
138
144
156
164
172
175
179
188
197
206
209
219
229
232
234
236
250
253
259
263
270
286
287
290
325
326
330
331
341
344
364
367
403
406
407
424
429
436
452
459
459
459
1
3
4
9
12
16
17
18
21
31
66
68
70
71
72
74
79
88
109
136
151
158
159
160
165
168
174
186
207
214
217
235
237
248
262
271
272
276
284
286
296
298
304
317
321
337
359
375
384
387
389
394
401
419
423
424
428
442
450
452
455
456
462
466
475
475
475
475
475
475
475
475
475
475
475
475
475
475
475
475
2
3
7
12
22
23
29
31
37
50
58
60
61
81
87
93
103
119
121
126
131
133
135
136
143
145
150
153
156
174
179
202
206
218
219
228
243
245
254
255
261
263
266
283
295
298
302
308
322
326
327
330
333
339
357
362
365
383
398
402
407
423
429
434
436
444
446
452
462
466
473
475
476
488
494
494
494
494
494
494
0
13
16
20
27
31
32
40
43
61
71
76
83
88
89
99
100
102
105
115
127
129
140
142
144
155
160
162
168
174
192
196
201
205
212
227
243
244
248
258
266
269
278
282
284
298
303
304
316
320
321
325
336
339
341
344
356
369
370
374
375
384
400
408
409
423
430
449
452
459
472
483
487
488
489
490
490
490
490
490
1
2
5
7
12
16
17
34
70
81
88
89
93
104
123
145
152
162
169
175
176
180
188
191
196
200
216
222
224
227
234
236
239
244
250
251
282
283
294
298
307
312
322
324
336
341
346
359
367
370
400
403
404
405
407
412
417
421
422
424
426
428
430
431
437
439
453
468
473
474
475
476
478
480
490
498
500
505
513
525
2
3
7
13
22
35
43
48
61
68
71
86
103
117
129
136
144
157
166
176
195
214
215
219
225
229
230
242
245
249
260
275
283
301
308
312
319
325
330
338
350
354
363
372
375
376
379
380
384
385
389
392
404
405
408
410
417
420
421
423
424
439
445
446
448
450
455
457
461
471
477
483
486
487
488
494
499
520
526
529
535
535
535
535
535
535
535
535
535
535
535
535
535
535
535
535
3
6
10
17
18
21
26
28
43
45
55
60
68
71
91
92
93
108
111
114
122
130
132
137
139
140
149
150
154
171
176
191
195
200
214
216
217
219
232
234
245
249
256
258
260
269
275
280
283
287
293
310
322
324
325
339
344
353
358
362
363
369
378
379
387
396
398
400
403
409
425
426
436
438
439
456
466
475
479
485
491
500
506
508
517
524
530
533
542
551
551
551
551
551
551
551
5
6
7
9
11
16
20
28
35
46
50
55
56
59
60
81
101
107
113
116
128
142
147
151
152
154
158
180
184
185
187
189
192
204
205
210
223
228
236
238
258
263
283
300
306
309
313
315
324
330
336
370
384
390
398
417
420
429
432
446
449
450
452
455
458
460
466
468
472
477
487
494
510
511
514
520
522
529
534
535
536
545
552
553
556
563
563
563
563
563
563
563
563
563
563
563
3
28
30
39
41
42
44
45
62
66
77
78
79
88
91
104
107
112
121
122
124
127
132
140
142
146
149
159
165
169
170
183
194
205
210
223
232
241
242
244
253
254
262
264
270
272
287
293
315
341
347
352
370
372
373
375
384
387
396
401
419
420
422
426
438
441
448
457
467
476
479
490
501
503
509
515
525
528
529
530
535
539
558
559
562
566
571
576
576
576
576
576
576
576
576
576
15
16
19
21
32
35
38
58
63
64
69
73
79
80
81
82
87
89
112
117
123
129
134
143
146
150
154
156
178
183
185
215
219
234
236
242
244
253
263
265
273
287
288
290
293
297
299
306
315
319
320
325
326
337
343
346
356
374
377
381
428
429
435
457
463
465
466
468
473
478
483
488
493
496
506
507
516
534
546
562
572
581
591
592
593
593
593
593
593
593
593
593
593
593
593
593
12
14
20
23
26
30
39
51
60
67
68
69
75
77
80
83
86
88
89
94
98
99
105
110
114
119
127
131
142
165
167
168
171
174
179
183
184
202
206
249
263
265
279
283
294
301
302
309
311
335
340
356
357
363
366
368
384
386
389
404
416
417
419
430
439
451
453
456
466
472
473
479
482
484
485
490
491
506
509
521
540
543
544
562
564
565
576
578
582
592
599
608
608
608
608
608
5
7
13
18
23
29
30
31
38
48
49
52
53
71
76
85
88
89
90
97
99
108
110
119
128
154
162
163
169
170
203
209
214
216
218
226
231
234
235
238
264
273
276
278
280
298
302
303
306
308
309
311
314
323
325
329
334
349
356
357
369
373
377
379
382
388
392
394
397
407
410
423
426
434
435
438
442
450
454
461
468
471
479
484
490
491
499
520
521
525
526
529
535
536
540
543
552
562
566
596
597
621
624
624
624
624
624
624
624
624
624
624
1
4
6
10
13
16
18
27
30
36
39
47
48
63
65
70
71
75
77
79
80
81
91
113
114
129
131
138
158
175
181
184
185
189
195
197
198
219
220
221
228
236
240
248
263
268
280
282
287
302
313
323
327
330
332
340
354
365
382
386
389
393
399
416
424
431
434
437
440
441
443
450
452
455
462
463
472
482
486
490
496
498
499
506
507
513
518
532
534
543
549
552
564
570
572
573
574
584
595
596
601
630
633
638
641
645
652
652
652
652
652
652
0
8
9
14
19
23
32
41
46
60
61
65
67
73
83
94
96
103
111
116
132
136
154
160
165
174
182
193
194
196
197
203
217
218
226
239
262
265
270
273
275
278
286
287
289
293
295
311
316
332
333
342
344
347
361
368
393
395
424
428
429
431
436
457
458
462
470
473
476
484
486
493
496
501
522
523
531
532
535
546
552
553
564
575
582
596
617
618
625
627
636
636
636
636
636
636
14
16
20
21
38
46
57
61
67
84
85
116
143
144
151
159
161
174
188
203
204
213
216
219
259
265
268
269
276
278
285
294
298
306
309
313
315
316
329
330
331
333
348
353
356
359
364
366
368
380
416
422
424
429
435
464
467
473
479
488
490
494
497
503
505
512
518
524
537
539
541
543
546
547
553
556
562
565
566
569
578
584
605
623
639
640
645
668
670
676
683
683
683
683
683
683
4
18
23
25
31
32
33
38
43
56
58
62
64
68
74
77
80
82
84
86
91
95
97
102
105
109
112
115
121
130
139
155
156
157
158
159
163
165
188
231
236
237
243
247
248
249
251
255
258
262
269
284
288
289
297
305
311
318
325
327
340
346
349
357
359
363
393
407
417
449
464
470
471
474
477
483
487
491
514
527
528
531
533
543
547
550
552
559
566
569
583
604
610
614
634
639
641
645
656
664
669
680
683
685
689
689
689
689
689
689
689
689
11
17
26
31
40
44
60
68
69
73
76
78
87
107
121
129
132
148
150
159
171
173
174
180
185
197
205
213
225
230
236
242
243
249
250
261
269
271
283
286
290
291
298
306
310
312
331
336
342
356
363
366
369
373
378
379
381
382
396
397
408
412
426
427
431
445
459
463
465
470
472
473
475
495
500
508
514
521
530
535
553
559
564
571
573
578
585
587
591
592
595
600
608
611
613
617
618
622
643
647
649
653
656
659
668
684
691
692
698
706
706
706
4
10
12
23
29
34
39
42
53
58
65
93
98
105
110
111
117
126
127
131
132
135
136
144
156
164
166
176
181
191
194
196
198
199
210
214
218
224
230
233
242
249
252
257
264
266
281
292
293
305
309
320
325
338
352
362
364
365
366
380
386
393
397
399
422
426
433
442
450
467
469
480
483
486
501
504
506
507
509
520
538
541
549
557
563
580
582
593
608
624
630
634
635
638
649
670
680
687
688
694
696
718
720
723
723
723
723
723
723
723
723
723
6
11
14
31
46
48
57
60
67
68
71
78
80
84
86
87
94
97
102
113
117
118
128
132
135
138
145
158
175
176
181
183
188
191
194
196
204
211
214
247
262
284
289
298
331
341
353
354
356
367
380
387
391
393
395
412
416
429
436
443
448
450
456
458
478
495
498
508
513
528
531
540
547
567
583
591
593
594
595
596
614
621
626
635
643
650
651
656
683
689
698
702
704
719
724
729
731
731
731
731
731
731
731
731
731
731
731
731
731
731
731
731
12
20
35
36
51
59
60
66
70
71
85
88
97
102
103
112
117
121
122
128
129
130
153
156
158
160
172
174
175
179
185
190
193
209
216
219
227
228
231
238
241
242
244
253
258
260
272
282
289
301
305
306
312
318
323
335
340
343
346
347
352
365
371
382
384
386
390
397
403
433
449
451
453
461
473
500
504
510
519
538
549
557
562
568
583
603
616
625
636
638
643
649
650
652
653
656
657
665
668
691
692
703
709
724
725
740
741
744
745
746
753
762
765
765
765
765
765
765
765
765
765
765
765
765
765
765
765
765
12
16
17
22
34
35
36
39
54
57
70
72
78
81
82
87
93
94
95
100
112
119
131
132
135
139
142
143
160
169
178
182
183
185
186
188
199
201
205
214
218
236
246
257
260
266
273
286
291
295
302
305
312
319
320
324
331
334
336
347
355
365
371
373
375
376
379
381
385
390
407
411
415
419
428
429
447
450
451
453
487
491
494
496
501
509
511
514
518
533
541
550
562
564
565
575
592
593
602
620
623
631
639
645
656
661
677
683
685
691
693
703
711
722
731
737
741
749
755
774
774
774
774
774
774
774
774
774
14
21
22
23
26
29
36
61
64
68
71
88
91
93
95
96
106
107
111
123
129
134
135
154
160
161
163
168
170
179
183
188
195
208
217
222
225
227
237
245
247
249
253
275
277
280
296
302
308
310
312
317
339
352
365
373
374
385
394
397
398
400
404
414
431
433
438
449
457
458
460
466
473
481
482
493
500
503
510
512
514
518
528
537
563
568
570
580
583
585
589
601
602
604
606
615
620
621
628
641
647
651
659
672
675
681
692
698
700
701
704
724
729
730
735
753
754
764
777
781
792
792
792
792
792
792
792
792
0
4
9
33
37
38
40
41
52
68
70
71
78
83
85
89
90
96
102
108
112
114
118
124
135
136
147
148
152
180
186
194
195
204
206
211
227
247
252
255
256
267
286
297
306
320
327
332
333
344
345
353
373
376
378
383
397
399
412
413
423
425
431
436
440
443
452
457
485
492
502
512
519
522
536
554
565
572
581
582
591
592
600
612
621
628
629
631
633
644
646
647
654
664
665
676
680
686
688
718
726
727
729
737
740
746
755
773
781
804
804
804
3
9
23
24
35
47
49
51
56
60
63
66
79
83
95
98
102
108
117
119
151
152
178
179
183
188
195
200
223
230
238
256
257
267
281
282
288
291
294
296
304
310
315
318
319
325
327
340
341
354
356
370
389
396
400
427
433
434
439
441
448
449
454
455
465
475
477
488
495
496
502
511
522
526
527
528
533
534
558
573
576
579
589
598
604
605
611
614
617
618
622
626
633
642
645
651
654
657
660
674
689
699
720
728
732
738
740
747
750
756
762
765
768
769
783
792
799
800
802
815
815
815
815
815
815
815
815
815
1
9
12
13
20
25
28
36
38
43
45
50
52
70
74
75
78
80
90
92
106
107
113
127
140
142
151
152
156
178
209
212
214
223
224
233
236
240
243
246
251
265
266
276
279
288
290
293
300
305
307
313
316
319
326
336
340
344
351
361
362
367
376
377
384
404
405
406
415
422
429
437
443
444
454
460
481
486
493
499
503
504
505
520
535
544
553
557
558
559
571
579
580
591
609
622
625
633
635
637
645
655
679
682
686
691
700
701
704
706
709
727
734
746
750
751
756
757
759
760
762
768
772
780
781
786
789
792
815
824
837
837
837
837
837
837
837
837
837
837
837
837
837
837
4
8
11
32
49
51
55
69
77
79
101
117
120
135
136
139
142
145
154
156
158
162
173
175
177
179
189
190
191
193
197
202
206
209
215
231
245
251
255
268
275
283
296
305
312
313
314
321
324
328
333
350
361
374
384
400
401
406
415
428
444
446
453
456
462
469
470
471
473
479
480
488
491
517
541
542
546
552
560
574
583
586
608
625
628
636
642
659
662
678
684
685
692
697
700
707
708
731
733
736
739
750
758
769
774
775
785
794
796
800
804
809
824
827
832
837
839
849
855
855
855
855
855
855
855
855
855
855
1
9
20
26
42
55
58
61
65
71
72
76
86
103
104
118
127
130
133
140
141
143
147
156
170
171
172
187
203
205
215
226
241
244
250
269
273
280
283
288
292
298
300
309
310
319
320
362
379
380
385
398
399
401
422
439
440
451
456
463
481
482
486
491
497
500
507
508
509
535
536
541
547
553
557
559
574
576
581
582
588
606
616
622
631
644
648
652
655
658
673
681
701
705
712
717
728
730
750
751
752
777
780
800
801
802
811
813
819
840
855
856
874
877
877
877
877
877
877
877
877
877
877
877
877
877
877
877
0
4
17
36
38
41
50
62
65
77
78
89
90
104
110
115
122
124
130
132
133
138
148
156
169
175
190
192
197
202
204
207
208
210
216
222
258
268
272
276
278
304
306
326
327
328
331
335
336
337
343
347
356
366
370
378
386
395
399
400
419
424
426
431
443
444
446
450
451
458
459
468
504
510
514
540
547
557
564
565
567
568
572
573
575
581
584
594
601
602
605
610
622
623
634
635
637
638
647
648
653
666
677
678
679
688
689
690
695
699
703
711
726
728
729
761
766
796
797
807
817
825
832
839
840
847
877
878
886
887
887
887
887
887
887
887
887
887
887
887
887
887
887
887
0
5
11
15
18
20
27
51
52
56
59
71
73
74
76
82
99
108
115
117
120
126
128
129
136
137
138
139
142
154
159
167
170
175
179
183
191
199
205
220
230
245
253
261
272
293
294
306
309
324
328
343
346
349
352
355
368
374
376
378
383
390
391
397
400
404
406
409
414
416
420
429
440
446
452
453
459
463
467
470
471
473
484
490
494
506
513
516
527
538
541
553
557
560
561
564
565
584
585
591
597
599
601
604
617
640
649
651
657
665
675
682
686
691
692
699
706
726
746
750
754
759
783
800
802
803
820
831
846
852
853
856
857
867
872
876
883
883
883
883
883
883
883
883
9
18
19
20
22
25
26
58
59
80
88
93
95
108
123
124
128
129
131
143
149
159
160
182
190
192
193
194
212
231
244
254
255
260
286
289
295
297
302
303
304
321
338
340
342
347
353
355
358
362
364
366
373
378
391
392
403
407
416
422
424
426
432
434
435
441
442
461
465
468
480
487
497
513
520
529
539
541
543
547
549
567
568
573
588
590
593
605
619
628
639
645
647
656
665
668
677
678
694
704
718
727
733
734
739
740
747
752
755
762
775
785
815
824
844
851
867
868
879
881
883
908
908
908
908
908
908
908
8
21
25
35
42
48
52
67
73
77
94
96
97
118
125
135
137
141
147
151
155
156
162
166
171
181
190
194
198
200
205
230
236
241
246
250
254
280
310
312
320
322
332
333
340
341
355
357
376
380
384
385
390
395
399
404
411
413
414
416
418
420
421
423
428
436
437
445
466
470
480
488
495
499
503
510
514
521
530
539
543
551
575
576
581
594
595
601
602
608
609
612
613
617
639
641
642
647
650
660
665
673
677
679
680
692
699
705
715
720
723
725
748
751
754
770
775
782
785
794
796
800
806
810
811
820
835
840
850
860
878
911
914
915
921
924
924
924
924
924
924
924
924
924
5
11
21
23
32
35
38
65
92
101
111
119
135
138
149
152
155
166
170
179
185
187
191
192
199
201
202
204
218
220
230
233
254
255
260
262
264
275
279
306
316
319
330
334
335
336
337
341
344
346
353
362
364
372
385
395
401
403
404
408
416
418
431
436
437
439
450
453
483
493
494
505
509
518
521
527
534
542
546
549
551
558
564
570
588
591
601
613
614
621
627
634
637
645
654
655
660
661
663
676
679
697
702
722
729
735
736
746
787
799
800
803
804
823
845
846
847
848
849
854
857
858
866
872
877
878
884
898
903
915
925
940
943
943
943
943
943
943
943
943
943
943
943
943
1
16
49
62
64
69
71
75
76
77
83
84
85
88
97
103
109
130
134
136
138
139
142
164
172
175
178
183
184
189
190
193
194
195
196
197
199
213
216
224
263
268
271
274
285
286
292
293
299
303
304
325
332
339
341
347
352
356
357
359
364
369
370
383
389
395
397
411
412
421
425
429
435
439
442
445
448
450
451
452
479
481
483
490
504
513
519
527
541
544
546
550
559
560
565
569
588
598
607
611
618
621
623
634
635
636
642
650
652
654
658
668
673
677
694
695
699
702
706
707
743
747
749
761
763
775
794
802
817
819
822
825
830
832
833
838
848
856
870
872
885
898
906
915
919
926
928
929
934
938
941
946
948
960
962
962
962
962
962
962
5
12
14
30
33
43
48
59
60
69
71
77
91
96
98
113
116
118
126
127
128
129
150
154
156
162
169
172
182
183
186
191
192
195
208
219
234
237
245
246
247
248
254
256
258
265
271
273
274
275
276
286
287
289
296
297
303
305
316
318
320
321
322
325
328
335
342
366
369
374
375
377
381
389
392
397
398
406
425
426
442
443
445
449
452
454
467
472
473
493
504
505
508
513
524
531
543
550
556
557
561
565
566
574
590
594
603
605
610
615
617
639
640
641
650
657
665
669
672
673
674
676
679
688
693
694
695
697
711
730
731
733
736
742
745
751
769
786
790
799
803
808
832
848
852
874
876
880
887
897
902
910
913
924
926
935
944
963
967
968
973
977
978
978
978
978
978
978
978
978
978
978
978
978
978
978
2
5
8
19
26
30
32
34
37
42
44
47
57
62
64
72
74
75
79
91
92
102
105
108
113
118
131
140
158
161
162
163
165
169
174
183
185
186
198
199
222
251
255
259
261
264
288
298
303
311
315
324
327
328
332
334
335
357
360
362
365
377
383
386
387
388
397
400
401
406
411
414
431
450
453
460
462
479
483
487
495
497
499
502
513
515
516
518
519
520
522
524
533
542
546
547
552
563
575
581
588
594
597
601
605
607
609
612
614
619
628
634
640
648
655
658
664
674
687
691
707
711
736
743
744
753
777
791
798
801
804
810
811
814
825
829
831
833
835
845
852
855
856
857
865
875
883
899
902
909
911
932
960
970
976
978
978
978
978
978
2
3
6
9
12
13
16
18
20
26
27
30
37
40
41
52
59
62
63
75
77
85
97
100
108
109
110
112
113
118
119
131
133
137
141
145
148
151
154
157
159
161
169
174
193
202
209
211
222
223
233
247
251
252
253
259
267
268
269
270
278
279
284
287
292
304
309
311
312
313
321
323
324
327
343
350
360
362
363
388
398
413
418
423
435
442
445
465
507
516
517
527
528
534
545
547
548
555
559
567
577
579
582
588
591
596
598
600
601
603
606
610
617
637
643
645
650
653
654
658
661
672
673
688
720
721
739
744
745
746
748
752
761
772
785
801
815
818
823
832
833
844
849
851
852
866
868
871
874
878
881
882
889
890
891
893
903
914
917
937
952
954
961
994
1004
1006
1014
1014
1014
1014
1014
1014
1014
1014
1014
1014
9
10
33
35
43
47
49
53
56
59
61
62
64
81
90
93
98
101
103
117
135
140
146
154
156
171
174
182
197
200
201
215
217
219
226
228
232
234
263
269
270
278
281
285
302
303
308
313
333
340
342
345
350
354
359
380
384
395
397
403
410
413
422
434
436
449
454
468
475
476
485
493
497
503
519
520
521
525
528
536
537
541
553
558
563
566
567
571
591
592
595
601
605
614
620
630
642
645
650
657
675
676
683
686
688
694
695
711
713
716
724
731
734
735
745
755
772
785
794
798
804
810
811
813
817
820
823
837
842
847
857
859
875
878
888
896
899
901
912
930
943
944
957
960
966
969
977
984
988
994
1008
1021
1024
1027
1027
1027
1027
1027
1027
1027
10
15
20
21
22
25
34
38
44
51
58
67
78
83
84
92
93
96
97
104
107
108
125
139
146
156
158
159
161
165
167
174
181
194
213
214
219
236
240
257
272
281
285
288
289
297
303
323
327
328
342
343
345
348
358
366
367
378
382
390
398
401
408
411
421
424
429
434
435
441
443
447
450
451
462
468
487
498
499
509
523
530
535
558
566
571
575
582
583
595
600
605
610
612
631
634
643
651
657
659
661
662
666
674
677
678
682
684
692
694
705
706
718
719
723
732
734
742
763
765
780
784
793
815
817
819
826
831
833
836
839
849
850
857
864
865
866
869
887
896
911
920
927
948
951
959
980
987
990
991
996
1001
1002
1010
1012
1017
1023
1024
1026
1031
1036
1036
1036
1036
1036
1036
1036
1036
1036
1036
1036
1036
1036
1036
1036
1036
1
2
9
13
14
16
17
22
30
31
43
76
77
94
103
120
122
149
161
162
170
171
177
181
189
194
198
234
256
263
270
271
276
278
286
290
315
327
332
334
339
340
348
356
376
384
396
403
404
408
410
415
418
422
425
430
444
451
454
457
474
484
493
502
503
509
514
521
527
529
530
532
534
536
547
550
557
565
575
583
597
600
605
608
610
620
626
630
635
638
643
644
657
672
677
689
703
707
711
715
719
728
734
736
740
752
753
766
769
781
782
785
787
789
790
795
803
806
810
811
818
834
835
852
853
857
859
864
868
888
899
919
923
935
943
949
952
987
999
1002
1013
1015
1016
1030
1032
1032
1032
1032
1032
1032
1032
1032
1032
1032
1032
1032
1032
1032
1032
1032
15
17
23
35
72
79
82
89
119
130
131
136
137
149
155
168
180
192
199
200
219
222
224
229
230
234
240
241
260
267
274
284
297
299
300
304
312
313
315
317
318
333
347
348
395
403
414
421
424
429
433
435
458
480
482
483
497
499
510
524
529
532
535
539
546
550
564
568
572
573
589
590
597
598
607
611
631
637
655
656
667
668
676
677
694
706
722
728
743
744
751
755
771
780
786
795
799
803
804
809
813
821
822
825
835
837
839
846
870
872
878
880
884
886
897
901
906
909
910
948
957
958
961
962
972
974
976
980
981
989
992
993
1008
1019
1040
1046
1054
1056
1072
1075
1076
1076
1076
1076
4
11
12
29
30
33
34
46
53
56
60
64
73
84
98
110
121
128
131
150
154
161
172
185
221
222
229
235
241
246
254
273
281
287
297
299
307
322
328
331
334
335
340
342
343
347
350
351
352
362
363
372
374
381
384
385
415
427
430
436
437
444
461
471
474
484
493
498
502
504
507
511
526
537
539
550
552
561
570
576
584
585
606
617
622
630
638
642
657
659
679
686
690
692
694
697
701
707
709
714
717
725
739
742
754
755
758
770
771
772
775
777
778
787
790
792
796
799
827
830
831
832
835
847
851
864
866
892
893
898
906
926
932
943
955
967
971
975
982
983
984
987
989
1014
1018
1037
1051
1063
1065
1072
1081
1088
1098
1098
1098
1098
1098
1098
1098
1098
1
25
28
59
68
70
83
96
113
124
125
137
143
145
147
162
168
169
172
176
178
195
204
205
219
229
234
237
243
247
248
254
271
275
281
293
294
300
310
311
314
315
322
326
330
333
341
350
361
366
374
375
388
390
392
415
421
422
424
439
452
458
464
465
472
474
488
490
494
500
506
507
508
509
515
524
528
549
553
572
580
582
589
590
593
599
603
607
633
635
642
643
647
651
654
674
675
676
682
683
686
692
693
696
711
712
732
748
749
754
756
761
763
768
780
783
784
788
815
823
836
837
861
863
865
884
888
895
906
909
911
916
921
929
936
940
948
951
963
982
991
994
996
1008
1017
1023
1029
1035
1043
1045
1048
1053
1073
1101
1102
1113
1113
1113
1113
1113
1
4
8
16
28
33
37
43
49
51
53
69
71
81
89
104
124
127
131
141
146
149
153
154
157
158
162
167
171
172
173
181
182
187
195
199
204
218
219
220
224
226
244
253
260
269
278
295
298
304
324
325
331
334
336
337
341
348
356
381
387
401
405
409
422
423
452
457
462
464
465
477
487
489
493
499
525
526
528
535
537
543
554
561
573
574
581
583
586
587
591
597
599
602
607
635
645
650
657
674
682
684
685
688
690
698
705
718
727
733
736
740
745
752
756
761
764
768
771
774
775
776
794
807
827
832
837
846
847
850
862
868
871
874
879
881
893
895
915
918
921
928
929
938
940
943
946
949
955
961
962
973
976
977
988
991
993
1011
1017
1020
1025
1030
1037
1047
1048
1058
1059
1060
1062
1069
1071
1072
1073
1076
1083
1084
1087
1099
1100
1101
1127
1127
1127
1127
1127
1127
1127
1127
1127
1127
1127
1127
2
3
12
17
19
22
24
27
30
41
47
53
54
63
76
81
99
116
120
122
123
124
143
149
150
155
164
168
172
176
194
195
197
201
205
209
213
220
243
248
253
257
259
269
270
271
275
279
283
286
289
314
316
320
329
333
344
352
362
368
375
377
378
380
381
394
395
397
408
412
415
419
444
445
453
457
460
473
497
529
533
553
569
570
581
585
598
600
601
608
612
620
626
632
634
636
661
676
677
696
707
712
726
732
733
761
763
788
790
791
797
807
808
816
818
824
833
838
839
855
857
859
871
873
879
890
904
908
910
915
918
924
929
935
937
940
946
948
951
955
964
971
975
985
992
997
1003
1011
1022
1025
1028
1032
1036
1042
1049
1069
1081
1084
1085
1087
1101
1107
1108
1113
1135
1139
1146
1146
1146
1146
1146
1146
1146
1146
1146
1146
2
15
16
18
19
27
38
43
58
61
66
71
85
94
117
120
135
138
141
143
146
158
164
167
174
184
191
196
199
200
208
210
215
226
229
244
253
258
264
268
271
280
281
283
291
296
309
312
313
325
335
342
350
365
366
369
373
380
388
389
400
410
413
424
426
428
439
440
444
453
459
463
487
492
505
521
541
545
551
553
555
564
581
584
587
595
600
616
619
623
630
636
659
663
664
669
679
687
691
693
700
711
712
717
719
724
725
727
734
737
747
758
761
769
770
771
772
777
778
784
790
797
803
804
809
823
827
831
833
835
840
849
850
852
870
889
900
901
906
919
931
933
937
950
958
960
963
971
975
989
1004
1005
1008
1011
1021
1023
1032
1051
1052
1063
1081
1082
1098
1100
1109
1112
1113
1121
1135
1141
1143
1148
1148
1148
1148
1148
5
13
30
31
32
38
48
55
65
82
86
92
94
110
113
116
125
139
150
153
172
178
187
189
195
209
213
216
224
226
232
235
244
248
249
254
271
273
275
277
313
319
320
323
325
329
350
352
353
355
364
368
401
413
416
419
423
446
456
458
472
493
495
498
503
515
519
530
538
542
550
551
559
560
561
587
591
596
604
609
623
644
645
659
673
683
705
708
739
741
742
758
773
775
776
805
837
838
846
855
867
869
872
878
880
883
899
917
918
930
963
975
978
981
986
988
990
997
999
1000
1001
1003
1033
1046
1057
1058
1060
1079
1081
1082
1083
1089
1091
1109
1126
1133
1144
1145
1148
1156
1161
1161
1161
1161
14
25
26
31
37
39
40
43
61
65
66
68
71
76
77
92
94
99
100
104
106
121
123
127
145
152
156
160
162
170
181
184
211
225
226
229
236
241
250
263
270
295
301
306
319
320
322
340
343
353
355
356
368
371
372
393
394
403
418
419
429
440
452
459
463
467
479
484
486
488
496
499
505
512
528
534
540
548
550
552
565
572
576
601
634
643
662
666
673
674
681
682
689
691
708
715
729
738
755
762
769
772
775
777
794
800
801
840
844
852
854
862
864
870
871
878
879
884
890
907
947
954
973
977
982
987
988
992
1002
1005
1006
1015
1024
1027
1031
1049
1050
1060
1061
1065
1069
1071
1080
1088
1091
1102
1114
1122
1132
1137
1139
1145
1152
1168
1174
1174
1174
1174
1174
1174
5
12
51
69
70
74
75
76
88
102
118
120
123
126
127
135
139
151
154
157
167
168
169
178
186
188
196
201
204
213
214
231
248
253
256
260
269
279
292
293
297
317
322
328
356
358
364
375
404
406
416
417
427
436
460
463
464
465
485
488
489
492
509
520
532
536
538
540
550
566
585
588
594
602
608
634
636
648
653
658
677
680
712
713
718
721
725
738
741
742
746
747
749
759
762
764
765
772
775
786
793
810
811
816
820
829
831
835
837
847
865
874
878
880
894
920
921
922
928
936
941
943
950
979
983
1005
1008
1017
1018
1020
1026
1036
1056
1057
1060
1064
1065
1074
1096
1102
1113
1115
1138
1147
1150
1155
1157
1158
1165
1170
1172
1179
1180
1186
1188
1190
1194
1197
1214
1214
8
11
16
25
43
55
67
81
115
122
124
126
127
134
136
138
154
158
160
164
180
181
183
187
197
205
211
218
241
255
257
258
260
273
278
286
290
291
292
298
307
325
330
337
338
351
352
362
364
371
372
373
377
383
384
385
408
409
413
419
422
430
431
433
446
457
461
486
498
501
503
504
512
513
526
527
530
535
545
550
556
557
564
571
575
578
580
582
583
591
593
595
596
597
599
605
607
608
618
622
627
630
632
633
653
667
673
674
684
689
694
700
703
717
722
726
741
747
750
753
755
760
771
774
787
789
794
805
813
818
833
839
841
863
872
874
876
910
913
914
920
922
927
935
936
942
947
953
955
986
991
995
999
1000
1003
1005
1009
1011
1016
1024
1039
1044
1057
1060
1071
1079
1091
1092
1095
1100
1106
1116
1119
1120
1128
1130
1132
1138
1139
1140
1154
1161
1163
1167
1171
1173
1174
1179
1208
1216
1226
1226
3
9
10
12
13
14
21
23
27
28
34
40
57
66
68
70
71
79
87
88
91
95
105
109
114
129
136
138
142
147
152
153
162
165
168
170
188
190
202
205
216
218
220
228
232
236
243
250
251
252
264
265
272
279
304
314
325
326
332
334
336
342
359
363
378
390
404
407
409
410
411
414
428
436
454
456
459
476
480
482
488
499
517
521
522
547
556
572
575
581
607
616
618
623
630
641
644
648
657
661
667
676
687
690
694
695
707
709
713
718
728
730
734
737
742
751
754
765
777
783
797
806
808
809
817
819
822
823
833
848
850
851
855
859
864
869
877
879
894
900
904
909
910
915
923
924
931
932
935
943
949
956
966
970
972
982
994
1001
1014
1015
1020
1022
1034
1036
1050
1055
1080
1086
1091
1095
1097
1111
1114
1118
1128
1132
1141
1152
1154
1158
1159
1168
1197
1200
1210
1222
1228
1230
1232
1233
1233
1233
18
19
23
39
41
42
44
50
56
59
60
64
67
72
73
77
87
91
96
100
104
106
112
114
117
135
137
165
171
190
203
205
209
217
224
236
238
243
248
254
265
271
272
277
282
288
293
298
306
311
317
325
335
353
357
362
365
367
372
377
382
386
394
401
411
423
428
434
435
439
442
462
464
468
479
486
491
496
535
536
540
546
552
557
559
560
568
570
571
572
574
581
586
589
590
600
616
627
629
631
644
652
676
678
680
700
702
704
710
712
735
739
740
746
750
756
761
768
770
783
797
799
801
804
813
819
847
848
850
852
872
887
891
894
896
923
924
927
932
973
974
979
983
988
989
991
1025
1029
1040
1044
1046
1048
1051
1063
1066
1067
1070
1074
1075
1078
1081
1085
1087
1102
1106
1108
1114
1125
1126
1131
1142
1144
1154
1156
1158
1159
1160
1165
1181
1184
1187
1193
1204
1232
1233
1235
1246
1248
1250
1252
1252
1252
0
13
17
22
24
28
30
38
53
62
63
64
81
83
85
86
90
101
105
107
110
114
117
118
119
129
130
132
133
138
147
149
156
160
162
165
167
170
178
189
194
199
201
211
221
238
239
246
261
262
263
267
268
270
271
273
274
275
276
277
280
282
283
286
289
296
301
305
320
322
332
336
339
345
349
354
360
366
369
385
386
396
400
403
415
416
419
420
433
436
447
449
452
454
458
463
466
476
480
486
501
508
514
515
517
536
539
543
547
551
560
563
565
573
581
583
584
590
611
615
620
639
649
661
662
663
677
680
684
693
698
713
720
721
725
731
767
771
775
777
786
793
797
804
805
808
813
825
830
839
842
856
865
871
874
877
884
928
933
952
953
970
992
995
1000
1015
1019
1036
1042
1049
1064
1066
1068
1078
1084
1087
1097
1099
1105
1108
1112
1127
1128
1130
1143
1144
1153
1154
1155
1166
1171
1180
1193
1196
1200
1202
1207
1213
1217
1221
1225
1232
1242
1243
1245
1249
1250
1252
1258
1272
1272
1272
1272
1272
1272
1272
1272
1272
1272
1272
1272
1272
1272
1272
6
10
21
23
34
46
51
56
61
62
64
75
80
84
90
92
101
105
136
146
147
148
149
159
162
163
176
179
184
190
191
194
195
206
210
215
235
241
245
254
262
264
271
275
280
324
327
352
353
359
360
367
393
409
410
411
412
417
418
430
431
434
435
438
446
457
486
500
504
506
511
524
525
528
531
539
540
542
545
547
548
553
565
567
569
576
583
593
602
607
631
632
644
659
662
667
674
675
685
686
695
698
736
742
751
757
759
760
763
774
783
793
798
803
811
813
816
825
829
833
835
837
841
842
844
849
850
852
861
863
875
917
920
937
939
943
956
961
967
971
978
980
985
997
1009
1022
1026
1039
1041
1043
1050
1082
1086
1090
1092
1093
1102
1108
1109
1116
1127
1137
1140
1146
1151
1154
1158
1165
1173
1181
1183
1186
1189
1212
1215
1220
1222
1223
1226
1235
1249
1250
1258
1268
1272
1274
1276
1282
1282
1282
1282
1282
3
8
13
23
34
36
41
42
43
51
63
64
82
92
95
103
105
111
115
120
140
146
148
150
157
170
175
179
188
192
194
195
207
218
228
244
245
256
269
273
276
289
300
306
316
318
322
327
329
335
337
338
339
351
354
359
365
367
369
371
376
393
395
400
404
405
407
419
422
427
434
443
447
451
462
465
467
479
489
491
493
502
511
519
536
541
542
570
572
575
583
585
597
601
612
614
621
641
656
659
672
675
680
682
684
698
706
716
718
721
725
738
757
759
762
768
778
785
790
794
805
810
813
825
828
831
836
849
852
859
871
875
896
899
922
933
937
940
948
956
962
970
987
997
1001
1004
1007
1008
1014
1018
1021
1031
1033
1045
1058
1061
1067
1081
1083
1088
1092
1113
1118
1125
1130
1138
1140
1144
1155
1167
1176
1192
1193
1194
1198
1205
1215
1224
1229
1241
1243
1266
1268
1282
1283
1291
1299
1300
1300
1300
1300
1300
4
14
15
16
22
28
40
41
56
59
60
68
78
80
84
89
93
99
105
122
127
138
141
146
153
162
173
180
187
195
196
214
221
228
230
247
261
264
265
277
290
305
319
331
337
363
365
366
380
381
392
393
396
409
420
422
430
435
441
457
459
464
476
481
484
493
494
511
522
528
529
530
531
532
541
546
552
586
602
603
611
613
622
633
636
645
647
655
657
662
667
686
688
694
698
705
717
730
735
736
738
739
748
757
763
766
779
794
797
823
824
825
836
843
844
858
864
865
878
886
888
893
905
919
922
923
924
947
948
955
959
960
969
976
978
989
991
992
1025
1026
1027
1032
1040
1051
1069
1070
1088
1089
1095
1105
1117
1118
1119
1131
1135
1151
1160
1175
1192
1218
1220
1235
1241
1261
1269
1270
1282
1287
1301
1305
1317
1317
1317
1317
1317
1317
0
5
7
8
9
16
22
29
41
44
46
50
54
61
66
71
72
75
79
82
97
102
107
114
116
133
146
152
153
154
160
162
169
170
179
183
187
192
193
194
201
202
204
212
218
222
227
232
249
252
253
256
264
268
275
286
290
293
297
299
325
337
342
345
353
355
362
377
379
388
389
395
403
404
419
422
423
427
428
431
437
438
440
445
448
449
457
459
462
463
466
467
469
470
471
478
480
481
490
492
494
495
497
509
524
548
555
557
561
573
574
582
587
603
604
606
607
634
635
641
659
693
707
709
711
718
721
724
727
730
736
738
743
747
748
756
757
760
763
786
812
813
814
816
818
822
826
828
833
834
836
837
844
851
873
875
876
886
891
893
898
903
909
913
922
931
936
937
940
945
953
954
963
967
972
978
983
985
990
993
1026
1027
1034
1036
1044
1057
1065
1072
1078
1080
1082
1084
1092
1100
1139
1144
1145
1147
1159
1181
1182
1185
1222
1225
1237
1239
1241
1243
1260
1277
1279
1291
1296
1301
1303
1309
1311
1327
1330
1330
1330
1330
1330
1330
1
3
11
14
18
20
24
25
43
46
47
53
66
68
69
72
74
77
81
88
97
100
106
131
136
142
159
164
167
170
175
186
189
196
201
203
204
209
217
221
222
228
238
253
255
256
264
280
289
298
302
303
313
319
324
325
326
338
339
345
355
363
374
379
385
386
398
412
420
425
427
430
431
446
447
448
453
458
469
477
481
490
491
498
499
500
505
508
512
515
516
517
526
527
538
563
569
578
583
584
586
594
600
607
613
615
617
620
621
623
645
651
673
705
708
711
714
721
722
729
730
743
744
747
751
761
764
776
777
783
785
788
796
801
804
806
816
820
826
831
836
840
846
847
849
864
873
885
890
891
892
894
900
903
906
915
919
950
958
963
966
986
998
1000
1002
1020
1025
1035
1040
1047
1049
1058
1073
1076
1080
1092
1095
1100
1105
1116
1123
1125
1127
1130
1136
1139
1142
1147
1149
1153
1160
1161
1162
1163
1173
1178
1181
1195
1220
1224
1228
1260
1265
1266
1269
1272
1274
1276
1290
1293
1305
1307
1310
1328
1332
1336
1337
1347
1347
1347
1347
1347
1347
1347
17
18
22
33
53
58
71
76
87
98
99
105
114
119
148
152
158
161
167
173
202
207
210
222
223
231
243
245
247
250
254
256
261
265
274
276
284
294
302
305
317
322
347
348
387
396
398
408
410
417
418
419
422
444
446
457
459
462
464
467
474
478
484
485
504
520
526
527
553
556
557
560
561
562
578
579
587
594
610
615
618
629
631
637
641
647
648
651
653
660
666
677
685
688
715
725
736
743
754
758
770
788
799
803
815
816
820
847
853
859
870
893
896
903
905
909
910
938
944
946
948
949
950
952
955
972
984
1012
1014
1015
1016
1021
1031
1038
1046
1063
1087
1095
1100
1103
1106
1114
1121
1124
1126
1130
1132
1135
1143
1149
1154
1170
1173
1181
1185
1191
1196
1206
1210
1216
1218
1238
1242
1256
1262
1268
1283
1290
1294
1297
1307
1315
1318
1336
1338
1341
1342
1345
1349
1358
1360
1365
1368
1368
1368
1368
1368
1368
1368
1368
1368
1368
35
39
48
54
55
58
62
73
75
76
83
96
98
115
118
121
123
126
146
153
155
159
168
169
171
190
202
219
226
230
232
236
240
242
243
245
250
262
282
283
284
302
310
315
320
329
330
354
368
377
386
392
398
399
400
409
421
424
432
436
437
443
457
458
459
460
486
488
498
507
510
518
525
533
535
545
547
548
553
556
579
594
611
614
623
628
644
664
666
676
679
689
696
701
711
715
716
717
722
724
725
726
729
733
734
744
760
766
769
771
773
775
780
784
791
796
797
800
802
804
805
812
820
823
851
857
871
874
880
883
885
903
909
917
928
936
941
947
949
951
961
969
979
984
991
999
1005
1015
1017
1032
1034
1038
1040
1044
1045
1049
1054
1063
1064
1072
1085
1088
1093
1094
1095
1119
1121
1127
1141
1153
1156
1176
1177
1189
1194
1208
1232
1236
1244
1251
1255
1266
1288
1307
1312
1326
1333
1345
1349
1349
1349
1349
4
6
15
20
24
26
27
32
38
43
58
68
69
86
90
104
107
109
113
117
118
128
129
130
132
136
138
139
157
167
180
188
196
209
221
233
236
240
243
250
278
292
305
309
314
315
317
323
325
339
346
347
350
352
356
359
363
367
368
369
370
374
375
382
385
391
398
401
406
418
422
424
433
439
452
454
460
476
482
490
492
496
497
498
502
506
512
530
531
540
543
560
568
571
584
592
593
594
596
604
606
609
611
614
615
619
623
626
628
629
630
638
655
657
659
665
666
667
673
674
681
683
685
695
699
718
719
732
733
749
752
761
767
769
771
778
781
793
796
811
820
828
834
837
841
842
850
857
866
874
878
879
891
901
908
917
921
925
952
960
971
974
983
986
991
999
1006
1012
1025
1026
1036
1043
1044
1050
1054
1059
1070
1081
1084
1090
1093
1104
1109
1119
1152
1153
1154
1155
1166
1172
1175
1177
1185
1190
1196
1201
1203
1221
1225
1232
1241
1245
1252
1261
1262
1264
1291
1292
1293
1294
1305
1306
1308
1310
1312
1327
1332
1333
1334
1341
1344
1349
1353
1354
1356
1357
1358
1378
1400
1405
1405
1405
1405
1405
1405
1405
1405
1405
1405
1405
2
9
19
26
27
28
43
45
51
54
66
69
75
89
98
100
120
124
134
143
156
164
170
181
183
184
198
200
202
203
208
219
246
248
253
255
261
265
268
269
271
273
276
293
294
301
309
313
316
317
322
325
326
337
345
346
357
378
382
384
395
404
411
422
432
433
457
466
474
477
486
490
494
496
514
517
519
533
534
543
547
550
571
581
598
613
617
619
623
624
625
640
641
646
653
664
665
671
672
679
688
690
696
708
715
719
720
729
731
758
771
785
788
789
792
797
800
806
808
811
812
816
831
836
838
846
859
864
870
880
885
892
893
898
901
902
906
909
910
914
930
942
946
957
968
977
983
986
990
1001
1025
1026
1029
1039
1040
1050
1058
1059
1063
1068
1073
1080
1082
1084
1089
1090
1108
1114
1116
1118
1120
1156
1157
1160
1174
1189
1195
1196
1197
1199
1202
1208
1209
1210
1217
1226
1232
1237
1249
1250
1252
1254
1258
1277
1283
1284
1290
1293
1300
1301
1304
1319
1333
1334
1345
1351
1361
1363
1366
1367
1374
1382
1393
1413
1414
1418
1418
1418
1418
1418
1418
1418
1418
1418
12
17
21
22
25
28
29
31
36
45
47
63
65
75
86
89
91
92
101
111
113
119
127
128
134
144
146
156
162
174
179
204
205
207
208
209
210
215
216
220
225
240
241
244
252
254
255
258
263
282
291
306
308
324
325
330
349
354
363
364
369
371
372
374
379
381
384
386
387
391
393
394
415
427
433
441
446
447
461
473
474
475
481
485
491
493
498
522
529
539
546
548
549
552
553
562
569
577
586
587
589
596
600
627
639
640
641
642
680
682
688
695
704
707
708
721
722
727
728
741
753
756
763
780
784
790
798
805
806
810
811
819
820
823
829
835
846
852
853
856
867
872
873
879
881
886
888
891
895
901
903
905
925
933
938
945
951
955
958
960
965
976
977
980
993
995
996
998
1007
1008
1010
1012
1023
1027
1034
1037
1041
1046
1058
1059
1065
1069
1084
1088
1090
1111
1118
1119
1126
1128
1130
1134
1167
1168
1173
1176
1184
1185
1190
1196
1206
1211
1220
1226
1237
1244
1245
1255
1264
1266
1281
1284
1301
1307
1316
1318
1330
1332
1333
1347
1362
1365
1369
1388
1391
1396
1399
1402
1404
1405
1407
1410
1431
1435
1435
1435
1435
1435
1435
1435
1
2
12
17
32
51
62
67
69
79
87
93
98
115
136
139
157
159
160
166
173
192
196
208
212
220
227
236
241
267
274
287
293
297
301
304
312
321
328
337
345
359
362
369
370
371
376
418
420
422
425
428
431
432
433
435
437
445
454
460
466
468
472
480
481
500
505
519
544
560
562
566
567
585
590
594
597
609
611
614
618
642
651
652
663
667
669
672
673
681
695
696
697
700
702
706
710
717
721
726
732
739
756
770
777
791
795
806
811
814
817
828
830
831
836
842
848
850
855
873
874
876
877
878
891
915
920
922
934
935
949
967
978
980
993
994
1011
1012
1013
1014
1018
1019
1029
1031
1038
1060
1064
1068
1072
1075
1080
1088
1089
1099
1110
1126
1135
1137
1144
1148
1154
1161
1164
1176
1178
1191
1197
1201
1210
1215
1217
1232
1236
1238
1241
1260
1266
1276
1288
1289
1291
1295
1296
1315
1326
1330
1340
1342
1347
1353
1354
1355
1362
1393
1402
1413
1419
1420
1427
1427
1427
1427
1427
1427
1427
1427
1427
1427
2
3
5
17
24
34
43
61
67
86
95
110
112
122
127
129
136
152
157
158
163
167
181
191
209
211
241
246
247
258
264
273
285
289
298
310
317
321
330
340
344
347
358
365
369
385
394
398
400
405
422
423
439
446
458
461
468
469
470
477
487
525
535
536
540
542
543
553
558
564
571
573
579
582
583
589
603
605
621
622
626
653
655
659
661
677
679
683
687
700
702
708
711
713
718
730
736
737
753
754
760
762
764
769
775
783
788
789
796
809
836
838
840
843
859
866
869
881
889
906
911
919
925
926
941
944
946
950
966
971
987
988
997
1000
1013
1015
1024
1025
1034
1040
1041
1050
1051
1056
1061
1066
1073
1075
1076
1078
1088
1102
1103
1109
1115
1123
1124
1131
1135
1146
1148
1154
1160
1168
1180
1181
1182
1187
1190
1199
1200
1201
1211
1218
1222
1237
1252
1273
1278
1279
1283
1295
1304
1308
1309
1317
1334
1339
1351
1352
1360
1380
1384
1385
1389
1392
1393
1407
1410
1411
1415
1421
1423
1425
1435
1437
1443
1447
1468
1468
1468
1468
1468
1468
1468
1468
1468
1468
1468
1468
1468
1468
1468
1468
0
6
8
11
12
26
32
37
43
49
51
54
64
86
102
104
110
125
131
142
147
150
151
156
171
177
179
182
193
194
197
203
215
217
227
240
244
247
248
254
256
261
265
270
276
277
280
292
293
297
317
324
326
327
341
348
361
364
379
382
384
386
388
395
413
416
428
431
433
434
435
444
448
451
457
463
476
480
496
506
514
515
520
522
525
553
558
566
568
569
571
587
593
596
605
624
635
641
649
650
652
655
676
684
689
696
697
699
707
708
710
720
726
733
735
737
749
766
767
772
812
813
818
828
830
849
850
862
863
868
869
872
880
881
892
895
897
900
908
918
925
927
933
938
947
950
958
960
963
965
971
973
989
991
1003
1007
1014
1018
1022
1033
1040
1049
1050
1064
1067
1068
1104
1116
1123
1132
1136
1147
1148
1149
1150
1153
1158
1177
1180
1189
1193
1195
1197
1199
1207
1230
1237
1240
1247
1250
1268
1278
1294
1303
1310
1318
1321
1323
1329
1331
1334
1335
1336
1339
1341
1345
1347
1356
1362
1363
1364
1367
1407
1410
1411
1421
1435
1448
1459
1461
1463
1463
1463
1463
11
14
21
31
39
45
46
47
53
64
70
76
90
93
95
97
98
107
109
122
132
141
152
155
160
161
165
170
177
179
197
206
224
230
231
234
236
237
241
257
263
277
285
293
297
316
318
330
334
354
362
366
372
376
377
383
390
392
396
400
403
406
415
427
433
439
450
454
462
473
476
477
479
484
485
486
488
510
527
529
533
553
560
567
573
579
593
595
597
602
611
623
624
626
638
646
655
667
677
687
697
698
704
705
708
709
713
715
727
735
738
739
740
750
754
760
786
790
797
801
805
806
826
832
839
842
845
852
864
869
889
890
893
894
902
923
928
929
938
957
966
984
995
1005
1010
1016
1021
1034
1035
1043
1050
1052
1056
1060
1065
1074
1075
1080
1089
1090
1094
1099
1100
1107
1118
1126
1139
1148
1151
1152
1176
1182
1183
1184
1185
1189
1192
1199
1213
1219
1229
1233
1238
1257
1262
1266
1289
1290
1297
1305
1312
1319
1321
1326
1328
1342
1346
1351
1354
1359
1369
1389
1399
1400
1404
1421
1426
1432
1434
1441
1444
1448
1451
1452
1456
1462
1465
1489
1496
1496
1496
1496
1496
1496
9
14
16
33
49
50
61
65
66
68
74
75
80
87
97
98
99
105
108
110
113
120
139
140
143
157
158
159
161
174
184
188
196
212
230
235
244
253
254
255
261
266
267
272
278
281
293
297
303
328
329
354
364
365
374
382
383
395
397
409
410
415
418
421
423
453
456
462
472
476
481
486
501
508
515
527
529
530
536
543
550
553
566
575
584
586
590
600
608
610
618
624
635
641
647
652
653
659
670
685
691
695
707
708
719
722
723
734
739
742
759
769
781
795
797
803
806
819
822
848
860
871
874
875
887
890
891
901
905
909
913
916
917
919
924
933
937
940
941
943
944
956
974
980
982
987
993
1000
1024
1030
1040
1043
1048
1051
1058
1062
1069
1075
1079
1087
1091
1099
1107
1110
1112
1114
1116
1122
1134
1146
1149
1153
1167
1169
1175
1181
1182
1188
1193
1208
1212
1218
1219
1224
1256
1257
1260
1261
1284
1291
1292
1294
1314
1320
1322
1323
1328
1329
1334
1336
1353
1359
1367
1370
1382
1395
1397
1402
1406
1412
1413
1416
1424
1428
1430
1434
1436
1438
1441
1442
1449
1453
1466
1481
1490
1497
1507
1507
1507
1507
1507
1507
1507
1507
1507
1507
1507
1507
1507
1507
13
30
35
43
45
47
51
61
67
73
94
101
112
118
130
132
139
146
153
154
170
172
175
179
189
226
227
231
234
243
252
258
260
276
278
286
300
301
310
311
312
319
335
341
347
348
357
359
366
380
382
386
389
396
397
398
422
434
439
446
486
492
495
500
501
502
519
525
528
531
532
537
547
558
563
565
581
584
595
600
608
609
610
632
642
644
645
654
663
668
671
674
675
682
689
690
698
706
707
711
715
723
740
742
745
747
762
765
778
804
805
829
831
841
842
849
870
874
884
885
891
905
908
910
911
913
914
923
937
938
941
942
967
979
980
985
995
999
1001
1003
1005
1007
1009
1016
1022
1024
1042
1055
1064
1070
1087
1092
1103
1107
1118
1131
1146
1148
1152
1154
1174
1187
1188
1211
1212
1226
1236
1242
1247
1267
1275
1282
1287
1294
1296
1298
1309
1313
1314
1317
1321
1328
1344
1346
1347
1354
1361
1363
1364
1368
1369
1370
1373
1380
1383
1384
1387
1393
1397
1398
1404
1405
1406
1411
1412
1432
1438
1440
1443
1455
1462
1468
1475
1481
1482
1511
1521
1524
1524
1524
1524
1524
1524
1524
3
5
14
27
30
33
36
41
42
51
58
59
63
65
68
69
76
80
83
85
94
99
104
107
109
112
115
120
136
144
164
178
180
182
188
192
194
203
214
225
227
231
250
255
256
261
281
288
289
293
354
380
385
395
397
399
405
415
417
425
430
434
440
442
444
458
468
472
494
503
506
516
528
549
566
572
578
580
584
586
592
593
601
606
610
614
617
619
622
624
641
653
654
659
679
680
689
696
697
704
723
730
745
753
762
770
774
775
780
784
787
800
802
806
815
830
839
842
864
868
871
895
902
920
927
932
933
943
946
954
961
982
989
990
993
994
1000
1005
1009
1010
1013
1035
1037
1052
1068
1069
1074
1077
1079
1081
1095
1102
1106
1110
1145
1153
1173
1174
1180
1183
1184
1199
1200
1207
1213
1223
1235
1241
1242
1246
1250
1262
1277
1278
1287
1291
1297
1308
1311
1338
1351
1356
1359
1363
1366
1382
1392
1394
1395
1397
1408
1410
1418
1421
1426
1442
1445
1449
1455
1457
1464
1465
1467
1469
1471
1472
1474
1477
1480
1499
1503
1506
1512
1533
1534
1538
1538
1538
1538
1538
1538
1538
1538
1538
7
17
22
34
37
38
45
52
59
60
70
73
88
97
99
104
106
111
119
120
124
127
134
144
145
151
154
157
158
160
164
185
191
212
219
235
238
243
253
261
263
267
280
290
300
302
325
327
329
333
337
338
343
348
350
364
367
376
377
379
389
394
399
407
426
427
429
440
450
453
454
468
471
494
504
521
522
526
537
541
545
546
558
567
571
589
594
595
600
622
637
646
649
657
686
699
726
743
744
747
757
761
764
766
770
772
773
778
802
806
817
819
836
844
855
859
864
874
883
884
889
902
909
911
914
916
918
937
947
948
961
967
970
979
984
989
992
1000
1003
1004
1007
1014
1028
1035
1037
1043
1050
1069
1071
1084
1102
1105
1122
1126
1129
1133
1136
1158
1169
1181
1196
1201
1204
1205
1207
1219
1236
1246
1255
1261
1273
1278
1282
1294
1295
1300
1303
1347
1348
1349
1353
1362
1369
1377
1401
1407
1411
1415
1420
1431
1436
1439
1444
1453
1454
1464
1465
1467
1470
1474
1495
1498
1502
1503
1541
1543
1551
1552
1558
1558
1558
1558
1558
1558
1558
1558
1558
1558
1558
1558
1558
1558
1558
1558
1
6
9
12
13
21
29
44
55
57
69
70
72
77
80
92
103
114
137
148
161
163
164
168
169
173
175
181
185
189
193
198
200
206
208
210
211
214
216
218
227
237
242
249
255
257
261
265
266
271
278
279
281
288
306
310
317
321
328
330
348
356
379
381
387
393
395
396
402
403
406
412
416
422
425
437
438
450
452
464
466
487
493
494
501
503
505
506
507
510
511
516
517
518
529
537
551
557
566
570
571
579
599
609
610
613
614
622
629
644
647
651
652
655
665
666
676
695
697
709
714
715
717
721
725
729
737
738
740
744
756
758
759
764
769
772
775
784
810
816
820
821
822
825
833
834
835
843
845
857
859
884
894
899
903
913
938
946
948
952
957
961
962
999
1000
1007
1009
1023
1028
1035
1036
1047
1050
1052
1054
1088
1098
1120
1128
1142
1143
1144
1149
1157
1160
1161
1164
1171
1174
1176
1184
1185
1191
1192
1193
1211
1217
1219
1230
1237
1246
1249
1274
1275
1285
1288
1289
1293
1296
1304
1307
1310
1316
1331
1346
1352
1358
1375
1389
1390
1394
1408
1409
1410
1428
1435
1444
1450
1451
1462
1467
1482
1487
1505
1511
1515
1522
1537
1543
1557
1565
1565
1565
1565
1565
1565
1565
1565
1565
1565
1565
1565
1565
1565
1565
1565
0
7
8
9
13
17
25
26
45
46
50
53
57
62
65
66
71
75
79
91
95
97
98
99
115
124
130
139
140
161
179
180
182
193
199
200
203
219
225
226
238
251
253
256
265
270
282
297
301
315
320
329
347
349
350
355
380
382
389
390
391
403
413
416
418
419
433
455
457
466
467
474
476
481
482
486
499
511
516
517
523
529
532
533
552
558
565
570
571
573
574
596
597
598
599
606
625
626
627
647
648
650
658
663
682
692
698
706
708
715
717
723
725
726
728
734
754
758
763
772
779
791
795
803
822
827
830
831
835
839
841
844
852
858
866
869
877
881
886
889
893
895
900
902
906
909
912
916
922
926
928
938
945
951
955
959
960
962
963
966
967
970
972
977
978
984
999
1001
1004
1005
1007
1014
1024
1027
1031
1034
1039
1045
1050
1058
1067
1076
1077
1078
1083
1095
1105
1108
1109
1113
1114
1115
1127
1135
1141
1144
1160
1172
1175
1176
1184
1186
1190
1194
1201
1207
1208
1218
1242
1249
1254
1256
1264
1265
1273
1278
1280
1281
1287
1289
1300
1310
1317
1325
1343
1347
1348
1354
1356
1365
1371
1373
1376
1384
1398
1399
1407
1414
1415
1423
1425
1432
1436
1437
1442
1450
1455
1458
1467
1472
1481
1486
1497
1500
1503
1505
1512
1513
1514
1516
1531
1538
1540
1569
1573
1577
1578
1580
1580
1580
1580
1580
16
18
21
23
29
30
33
34
39
44
49
55
61
67
68
74
77
84
92
106
122
130
131
133
134
138
144
157
176
181
184
185
187
206
212
218
230
241
248
251
272
278
283
292
311
313
321
328
334
344
355
359
360
363
379
380
388
391
397
405
416
424
430
437
440
442
454
459
465
467
470
488
489
505
506
530
533
541
542
549
562
563
565
566
571
589
603
615
626
627
637
642
651
660
671
682
685
692
693
704
710
711
742
754
756
767
771
776
788
798
804
806
810
815
816
830
834
851
854
855
856
867
868
871
874
875
885
886
896
897
900
911
913
915
921
927
933
944
948
950
952
953
955
963
964
969
987
999
1000
1002
1003
1020
1042
1044
1046
1048
1050
1065
1071
1082
1083
1090
1092
1096
1101
1105
1109
1132
1143
1154
1159
1160
1163
1164
1165
1181
1182
1185
1188
1195
1198
1199
1241
1248
1260
1268
1281
1299
1303
1307
1308
1311
1320
1323
1327
1328
1335
1342
1347
1352
1354
1356
1369
1370
1373
1376
1379
1383
1389
1403
1412
1424
1425
1446
1447
1452
1458
1473
1475
1482
1485
1490
1496
1501
1516
1526
1531
1537
1538
1539
1540
1553
1560
1567
1575
1577
1589
1591
1591
1591
6
10
11
12
15
28
31
46
54
57
78
81
88
89
105
106
120
149
162
164
176
178
188
189
199
204
208
209
210
211
213
216
222
224
227
235
237
245
248
250
258
266
280
316
327
335
336
347
372
379
380
385
392
395
399
401
405
423
430
433
435
438
444
450
460
462
473
482
499
521
527
531
539
551
563
564
566
570
576
588
597
601
613
620
630
634
640
645
650
651
657
666
668
681
685
687
688
689
696
702
713
714
722
727
735
736
761
764
765
780
796
818
822
833
842
846
859
860
880
882
895
916
922
926
933
944
954
955
959
961
967
976
977
992
993
998
1003
1006
1007
1011
1026
1028
1034
1039
1051
1052
1055
1056
1060
1069
1078
1080
1100
1103
1112
1124
1135
1137
1144
1145
1148
1154
1157
1184
1186
1187
1193
1198
1206
1208
1213
1224
1225
1264
1269
1283
1294
1296
1302
1308
1309
1316
1318
1326
1336
1348
1356
1358
1359
1364
1366
1368
1373
1379
1381
1382
1385
1389
1397
1399
1400
1419
1423
1426
1431
1438
1447
1451
1454
1457
1465
1469
1471
1481
1485
1487
1492
1506
1513
1520
1524
1526
1533
1535
1537
1554
1557
1565
1571
1578
1591
1593
1598
1622
1622
1622
1622
1622
1622
1622
0
1
37
39
43
44
52
54
60
80
92
93
97
100
104
115
118
146
151
157
183
190
193
194
197
199
205
213
225
226
228
230
235
237
239
242
273
277
280
285
296
303
307
312
314
320
321
334
341
342
343
354
368
370
376
377
380
386
387
391
393
402
411
420
443
445
447
450
453
463
464
471
484
495
503
505
510
511
515
519
520
524
528
529
532
539
543
551
552
563
576
578
583
601
614
615
630
633
645
653
656
658
660
665
666
672
678
680
685
687
692
695
699
701
702
703
705
735
736
743
748
757
760
764
767
773
786
789
791
820
840
842
845
846
858
866
867
875
885
887
893
918
941
949
953
976
988
992
1001
1009
1013
1017
1027
1029
1032
1033
1037
1044
1047
1057
1072
1076
1080
1090
1109
1111
1121
1126
1129
1132
1133
1148
1164
1179
1183
1188
1191
1192
1199
1201
1203
1204
1208
1211
1214
1220
1224
1226
1228
1233
1238
1244
1251
1257
1261
1263
1268
1277
1290
1304
1305
1307
1330
1332
1339
1352
1368
1391
1392
1403
1405
1421
1429
1439
1440
1461
1466
1481
1484
1491
1499
1505
1515
1518
1520
1521
1532
1536
1543
1544
1545
1546
1550
1554
1555
1556
1558
1560
1567
1575
1578
1589
1605
1608
1618
1628
1636
1636
1636
1636
1636
1636
1636
1636
1636
1636
1
14
20
25
33
35
36
39
46
50
55
63
70
82
83
95
100
101
102
110
127
146
153
154
162
164
178
185
186
191
200
204
208
212
217
224
238
253
270
272
274
284
297
299
306
309
313
317
320
333
344
347
357
358
365
377
378
416
426
439
441
445
450
452
453
460
461
462
478
490
499
507
511
518
520
525
529
532
547
551
557
567
572
573
575
576
583
589
590
598
614
618
620
624
638
647
648
650
660
662
680
686
701
706
714
717
730
732
740
743
744
773
775
776
791
794
803
808
810
818
819
826
832
833
847
853
871
874
889
895
904
917
920
924
925
931
937
945
946
951
954
966
967
968
973
978
979
981
995
1005
1006
1021
1028
1033
1034
1037
1044
1055
1066
1079
1081
1088
1090
1101
1102
1111
1121
1128
1131
1137
1144
1153
1157
1188
1212
1219
1225
1228
1231
1245
1250
1252
1253
1268
1273
1282
1284
1293
1303
1316
1332
1336
1340
1346
1353
1357
1359
1362
1363
1370
1382
1386
1394
1400
1404
1415
1429
1432
1441
1456
1460
1462
1480
1484
1496
1506
1533
1535
1537
1540
1547
1550
1552
1556
1564
1568
1573
1574
1577
1602
1608
1609
1619
1628
1643
1655
1655
1655
1655
1655
0
2
22
29
39
48
51
58
66
67
70
75
76
77
85
89
93
97
99
104
110
121
126
133
140
143
150
175
176
188
212
214
222
241
260
273
286
287
289
291
320
323
329
342
343
344
351
355
361
374
380
386
401
404
413
419
421
423
431
471
484
489
491
492
506
508
513
518
520
523
527
532
545
547
549
550
553
557
560
563
564
568
569
573
577
581
589
594
598
603
607
609
622
634
636
655
663
668
670
681
688
698
705
712
719
726
729
731
745
754
758
769
773
789
796
813
818
828
830
834
845
857
865
871
878
880
883
886
898
903
907
910
914
915
938
956
963
973
979
981
983
992
996
1010
1015
1016
1018
1033
1036
1040
1041
1045
1048
1051
1059
1066
1069
1073
1077
1079
1085
1094
1095
1099
1103
1104
1123
1124
1125
1132
1141
1147
1150
1153
1162
1165
1167
1169
1172
1175
1178
1192
1201
1223
1225
1227
1234
1245
1246
1256
1257
1263
1265
1266
1267
1276
1278
1285
1307
1310
1324
1333
1342
1349
1351
1354
1356
1357
1359
1365
1370
1373
1390
1392
1394
1407
1408
1416
1420
1429
1431
1432
1442
1446
1447
1448
1459
1469
1471
1477
1487
1492
1499
1506
1509
1516
1525
1528
1534
1536
1547
1552
1575
1585
1592
1596
1598
1602
1606
1610
1613
1615
1622
1625
1628
1632
1640
1648
1650
1652
1653
1654
1661
1678
1678
1678
1678
1678
1678
1678
1678
1678
3
11
15
16
19
24
43
44
48
49
54
55
60
62
64
65
71
72
83
87
89
90
92
103
112
122
123
127
128
152
157
163
196
211
216
228
231
243
247
252
254
263
271
282
290
291
304
306
327
330
333
340
346
355
364
377
394
412
416
418
444
446
459
462
465
468
482
487
493
494
497
500
501
503
507
517
519
520
521
529
536
542
549
560
576
579
589
592
611
617
628
629
630
632
649
655
658
659
661
671
681
690
711
713
727
729
735
749
751
755
759
761
764
772
783
786
791
805
809
820
823
842
853
857
860
873
881
887
893
905
907
908
909
910
916
917
930
935
938
942
943
950
951
956
962
963
967
978
981
982
983
998
999
1001
1006
1020
1034
1043
1048
1060
1070
1086
1090
1093
1098
1099
1104
1109
1112
1116
1117
1125
1130
1136
1144
1146
1160
1166
1169
1170
1176
1177
1183
1188
1189
1198
1202
1213
1220
1233
1248
1255
1256
1263
1265
1270
1275
1279
1284
1288
1290
1305
1308
1311
1317
1320
1321
1323
1324
1326
1334
1335
1336
1346
1354
1363
1367
1368
1372
1382
1383
1385
1391
1392
1394
1395
1402
1405
1406
1411
1422
1424
1430
1437
1438
1443
1444
1446
1448
1456
1463
1468
1469
1477
1479
1482
1496
1503
1512
1515
1516
1518
1526
1528
1536
1549
1567
1587
1591
1596
1598
1600
1602
1620
1621
1622
1624
1626
1633
1638
1644
1648
1650
1654
1662
1665
1667
1680
1680
1680
1680
1680
1680
1680
1680
1680
1680
1680
6
17
18
20
27
39
44
48
55
63
70
75
87
92
99
119
128
130
131
141
142
144
147
155
158
160
163
180
199
230
241
242
250
251
253
254
255
265
274
277
286
291
315
318
330
358
362
372
378
389
396
397
421
423
429
437
440
454
459
476
479
497
504
508
512
514
515
517
529
534
535
543
546
550
574
583
587
595
596
597
601
614
615
620
635
637
640
644
645
650
652
660
678
691
692
698
701
713
714
715
722
726
743
746
753
761
769
771
772
773
782
802
806
813
817
830
843
850
854
871
872
873
875
882
886
888
892
895
896
899
900
908
911
914
916
918
935
938
941
950
956
958
966
976
978
979
994
1000
1012
1017
1019
1028
1029
1031
1034
1050
1054
1058
1059
1062
1066
1086
1089
1106
1107
1117
1122
1127
1128
1153
1154
1155
1157
1165
1170
1172
1177
1179
1181
1188
1190
1192
1194
1199
1219
1221
1224
1225
1238
1254
1257
1260
1264
1265
1266
1276
1282
1292
1296
1297
1299
1302
1306
1317
1323
1327
1336
1355
1365
1374
1376
1377
1388
1407
1413
1423
1428
1437
1443
1445
1449
1453
1456
1461
1466
1475
1477
1491
1493
1495
1500
1503
1504
1525
1532
1537
1545
1552
1557
1558
1570
1573
1577
1578
1584
1595
1596
1599
1604
1605
1607
1617
1619
1625
1626
1631
1645
1655
1660
1665
1672
1687
1689
1690
1690
1690
1690
1690
1690
1690
1690
1690
5
14
18
35
57
58
60
66
72
86
90
110
119
123
129
132
137
151
152
158
165
168
175
180
190
193
194
199
206
218
220
222
224
225
230
234
247
256
265
267
270
277
284
285
290
299
306
307
309
311
315
316
324
330
334
337
340
353
355
365
367
375
377
383
387
388
390
393
395
407
412
417
421
425
427
428
430
440
452
457
464
468
470
471
473
474
475
479
480
484
486
493
499
501
511
524
532
537
539
548
563
569
571
573
583
587
592
612
614
615
622
626
629
646
651
655
674
676
677
678
689
699
707
727
743
753
760
762
764
778
784
786
790
791
795
799
806
809
813
820
826
830
841
848
849
853
861
869
878
879
882
883
885
891
895
904
909
919
933
934
935
941
943
946
949
951
963
968
970
979
987
991
995
1014
1020
1025
1032
1044
1066
1082
1089
1094
1097
1103
1109
1113
1123
1125
1132
1137
1150
1155
1166
1167
1180
1181
1186
1187
1190
1193
1196
1206
1222
1227
1234
1246
1251
1261
1266
1277
1278
1298
1301
1305
1307
1309
1318
1331
1346
1347
1352
1359
1366
1376
1382
1395
1398
1401
1402
1406
1408
1416
1417
1420
1430
1439
1444
1449
1460
1472
1483
1490
1495
1513
1514
1526
1529
1538
1541
1552
1562
1566
1570
1573
1583
1587
1596
1601
1603
1615
1621
1628
1632
1636
1650
1653
1655
1665
1698
1700
1712
1716
6
11
15
19
21
25
35
67
76
77
97
104
105
111
112
116
120
127
131
133
147
154
156
171
172
191
200
206
218
222
227
250
252
260
269
277
278
293
299
320
325
336
343
352
353
357
363
364
368
373
380
386
387
388
389
403
406
419
430
434
442
456
464
466
479
480
489
495
497
498
502
511
516
519
535
536
539
546
560
563
565
570
572
573
582
590
591
593
597
611
625
645
649
671
673
674
679
681
683
684
690
716
717
734
738
752
759
783
794
802
803
832
836
837
840
841
843
844
853
854
858
860
864
866
869
880
884
890
901
918
927
929
935
951
966
968
971
972
979
982
1007
1016
1019
1020
1021
1023
1034
1037
1042
1043
1044
1055
1060
1063
1086
1089
1096
1097
1099
1110
1111
1126
1156
1161
1165
1166
1172
1186
1203
1235
1237
1241
1245
1257
1260
1266
1278
1287
1307
1314
1316
1317
1319
1332
1339
1341
1367
1370
1372
1386
1388
1395
1397
1398
1399
1403
1405
1407
1409
1410
1415
1418
1419
1434
1443
1451
1467
1470
1506
1507
1511
1512
1522
1523
1539
1542
1545
1551
1576
1582
1586
1588
1591
1596
1613
1620
1621
1643
1653
1656
1659
1662
1669
1671
1680
1681
1686
1691
1706
1718
5
7
9
11
35
36
45
65
67
69
75
82
89
91
92
108
109
127
138
140
147
154
170
173
174
189
194
196
198
199
208
218
220
240
259
260
266
267
273
287
289
294
305
307
319
322
325
328
334
336
337
341
347
366
376
398
401
402
414
420
424
426
427
429
440
447
452
453
457
458
461
464
467
494
508
514
516
517
519
523
532
534
546
563
576
580
588
594
601
610
625
628
632
635
640
649
658
662
663
688
695
698
701
737
748
756
759
775
778
781
794
810
823
835
838
840
848
872
876
881
885
888
897
912
919
921
926
927
928
929
936
937
949
955
960
968
973
974
986
1002
1004
1011
1015
1027
1033
1034
1035
1048
1051
1053
1064
1066
1069
1081
1083
1087
1100
1108
1111
1119
1126
1129
1140
1144
1147
1154
1158
1173
1212
1217
1221
1222
1226
1231
1235
1246
1263
1265
1272
1273
1274
1275
1280
1289
1290
1305
1308
1312
1317
1322
1323
1327
1328
1331
1335
1349
1350
1354
1355
1356
1366
1372
1387
1403
1416
1443
1451
1456
1461
1483
1484
1485
1503
1515
1534
1540
1546
1548
1551
1561
1562
1568
1570
1573
1579
1596
1604
1611
1620
1625
1632
1667
1680
1692
1696
1701
1703
1715
1738
1740
1750
1752
1752
1752
1752
1752
1752
1752
1752
1752
1752
1752
1752
1752
1752
1752
0
1
18
21
41
45
61
68
70
84
86
94
98
100
107
117
125
126
128
133
142
144
147
152
160
172
191
195
206
210
227
236
245
249
257
269
286
290
315
316
328
332
337
348
349
355
406
407
411
417
419
421
431
440
450
452
453
464
477
479
480
484
486
494
520
521
544
547
556
557
573
576
577
584
600
601
605
608
625
627
646
655
661
667
668
671
675
691
699
702
705
710
739
752
753
761
770
771
776
778
787
790
797
801
806
807
822
823
825
827
838
839
845
847
849
854
856
868
877
884
886
887
911
912
914
919
926
927
928
938
960
961
970
976
983
996
997
1004
1010
1023
1042
1051
1072
1074
1084
1096
1111
1122
1125
1126
1139
1148
1154
1157
1163
1165
1176
1178
1193
1200
1216
1217
1219
1223
1231
1248
1254
1259
1266
1270
1272
1276
1288
1291
1297
1303
1310
1312
1314
1321
1336
1357
1363
1375
1385
1387
1403
1407
1411
1414
1415
1417
1419
1426
1442
1450
1460
1464
1472
1476
1489
1499
1501
1505
1511
1518
1527
1531
1540
1544
1557
1561
1564
1578
1581
1590
1594
1606
1608
1613
1618
1624
1628
1640
1653
1657
1661
1666
1669
1674
1675
1677
1682
1683
1689
1695
1709
1722
1723
1724
1728
1735
1739
1743
1753
1755
1757
1759
1762
1762
1762
1762
1762
1762
1762
1762
3
8
17
25
26
31
42
50
52
53
54
59
68
74
75
85
93
121
128
132
144
145
154
168
170
190
193
201
211
214
216
219
225
235
247
250
251
259
264
296
298
301
305
306
310
312
315
321
324
330
336
340
342
345
358
373
375
376
382
389
391
395
401
405
410
411
413
426
427
437
446
469
477
496
497
501
510
531
542
546
547
562
581
587
588
590
603
606
608
609
613
618
639
647
652
653
661
668
678
690
691
693
701
703
705
706
707
710
711
715
730
731
741
742
753
754
782
793
794
803
847
858
859
861
865
867
873
877
878
884
891
898
900
911
926
934
937
943
952
955
994
997
1002
1012
1017
1029
1031
1032
1040
1043
1076
1080
1092
1109
1119
1122
1133
1142
1144
1155
1164
1175
1178
1179
1192
1193
1197
1201
1202
1206
1214
1219
1229
1240
1249
1250
1253
1256
1261
1273
1274
1276
1278
1281
1285
1294
1295
1297
1299
1313
1324
1328
1348
1350
1351
1366
1377
1380
1384
1400
1404
1410
1416
1419
1425
1430
1439
1441
1448
1456
1473
1482
1493
1494
1499
1502
1505
1519
1531
1535
1536
1544
1557
1558
1564
1570
1574
1592
1597
1614
1617
1622
1624
1631
1642
1646
1647
1658
1659
1686
1692
1704
1724
1734
1735
1749
1756
1762
1780
1783
1783
1783
1783
1783
1783
1783
2
7
8
13
14
18
39
40
41
47
50
73
74
76
127
130
139
141
142
148
158
171
183
193
196
243
256
272
299
311
316
321
327
329
339
355
360
365
379
396
406
430
441
442
447
452
454
456
464
466
467
473
476
480
481
485
503
510
511
516
521
531
532
537
554
555
559
563
568
570
573
586
591
615
616
623
631
659
664
665
669
690
696
703
710
715
729
734
738
740
743
748
752
753
755
756
764
771
777
787
802
805
816
818
821
830
839
843
848
857
864
866
872
874
877
886
891
901
902
904
918
919
922
929
934
951
952
961
967
973
976
979
980
985
988
991
992
999
1009
1015
1022
1032
1049
1050
1058
1059
1068
1073
1086
1090
1091
1093
1100
1107
1130
1149
1156
1167
1179
1180
1183
1186
1198
1204
1206
1208
1209
1212
1213
1224
1244
1260
1273
1280
1290
1292
1295
1298
1303
1304
1307
1314
1315
1322
1336
1344
1346
1348
1364
1379
1390
1401
1407
1411
1412
1426
1431
1434
1435
1436
1453
1455
1472
1477
1478
1479
1492
1495
1505
1509
1513
1526
1528
1549
1555
1556
1565
1566
1577
1583
1601
1607
1614
1616
1620
1622
1624
1629
1649
1658
1659
1660
1670
1672
1674
1678
1683
1688
1694
1705
1711
1718
1722
1725
1729
1734
1735
1736
1739
1745
1748
1751
1756
1759
1760
1764
1775
1777
1781
1781
1781
1781
1781
1781
1781
1781
1781
1781
1781
1781
1781
1781
2
15
16
18
19
27
32
37
52
64
85
88
90
96
103
108
112
115
118
120
127
128
129
138
151
161
178
182
183
186
193
208
209
212
223
232
237
244
245
250
261
270
271
274
275
281
284
286
295
302
303
314
317
319
330
335
336
338
340
353
359
364
367
372
374
375
376
380
392
401
402
408
412
414
427
428
431
434
436
441
443
446
452
453
456
482
492
501
512
520
525
535
551
554
556
569
570
574
581
587
594
595
604
613
616
620
627
629
632
635
650
654
663
665
671
694
699
700
701
709
715
721
724
729
733
737
743
746
747
751
762
766
770
777
784
791
792
806
807
810
823
825
854
855
878
884
892
894
902
908
916
926
933
936
937
948
958
969
973
978
981
985
988
995
1006
1020
1026
1029
1039
1042
1043
1055
1066
1069
1082
1094
1105
1115
1119
1120
1122
1129
1132
1176
1181
1184
1195
1196
1198
1205
1217
1223
1228
1235
1241
1243
1245
1246
1253
1256
1259
1270
1278
1282
1299
1302
1305
1307
1327
1344
1347
1349
1358
1363
1364
1365
1371
1398
1405
1410
1415
1417
1424
1454
1471
1474
1478
1496
1505
1508
1525
1533
1536
1538
1553
1560
1564
1567
1568
1570
1576
1585
1591
1601
1602
1604
1618
1622
1633
1635
1645
1646
1651
1656
1674
1678
1680
1704
1713
1714
1721
1735
1737
1747
1748
1749
1761
1763
1771
1778
1779
1781
1782
1783
1790
1814
1814
1814
1814
1814
1814
1814
1814
1814
1814
1814
1814
1814
10
17
29
39
42
54
56
61
67
70
86
87
91
95
105
114
123
125
127
132
138
140
141
150
165
179
195
201
213
216
219
228
229
232
244
245
250
268
269
271
275
289
290
298
312
317
321
322
324
331
338
339
351
360
367
372
385
386
392
397
402
419
429
436
442
444
451
459
467
472
473
478
479
484
498
501
503
510
515
519
524
531
540
541
542
544
558
562
564
566
568
572
573
574
581
583
606
607
609
613
624
626
630
633
653
667
669
672
678
692
694
695
699
705
716
721
730
767
775
778
783
790
793
794
796
797
808
817
827
837
845
846
849
851
861
867
868
869
871
872
885
886
890
900
913
924
928
935
937
938
939
944
950
969
972
980
981
991
1015
1019
1025
1028
1039
1047
1048
1052
1054
1061
1064
1065
1077
1078
1084
1090
1095
1101
1104
1119
1121
1129
1141
1144
1151
1156
1162
1164
1167
1187
1194
1198
1201
1203
1213
1214
1235
1254
1261
1279
1294
1298
1306
1307
1321
1323
1324
1326
1328
1335
1337
1341
1345
1353
1355
1372
1376
1377
1384
1392
1393
1394
1402
1405
1408
1412
1417
1422
1432
1439
1445
1454
1460
1468
1471
1478
1484
1497
1501
1509
1519
1520
1521
1553
1554
1556
1559
1563
1574
1577
1578
1589
1593
1613
1619
1621
1625
1638
1643
1651
1662
1663
1666
1667
1694
1697
1702
1708
1709
1719
1721
1726
1733
1738
1743
1744
1746
1767
1768
1785
1790
1797
1803
1804
1805
1817
1834
1834
1834
1834
8
17
30
35
38
46
47
49
52
61
71
85
99
107
108
110
122
128
133
134
146
147
156
162
168
172
173
179
183
189
193
194
201
215
217
220
223
238
245
253
256
262
267
279
282
284
289
292
300
302
310
312
317
319
323
329
345
368
380
398
405
407
412
415
420
428
431
432
433
443
444
446
456
457
463
470
475
478
479
484
489
493
495
496
508
519
522
537
551
564
565
579
590
602
605
606
612
615
625
626
631
641
649
652
658
660
668
671
684
688
694
697
698
700
701
712
727
737
792
798
809
814
815
819
828
832
849
859
872
878
881
884
908
918
926
928
936
941
943
960
973
974
976
983
985
994
999
1000
1009
1012
1020
1038
1042
1047
1052
1054
1055
1067
1069
1079
1087
1094
1095
1097
1101
1103
1107
1119
1125
1126
1135
1138
1139
1155
1158
1163
1164
1172
1174
1188
1190
1192
1204
1212
1223
1225
1230
1238
1261
1265
1282
1288
1291
1296
1305
1312
1317
1318
1320
1329
1331
1333
1334
1337
1339
1351
1359
1362
1377
1381
1395
1399
1408
1410
1414
1418
1423
1427
1428
1429
1441
1443
1448
1454
1456
1462
1464
1466
1469
1473
1477
1484
1500
1518
1528
1547
1557
1575
1581
1592
1593
1596
1604
1605
1607
1608
1615
1617
1618
1627
1629
1631
1636
1641
1650
1655
1656
1662
1663
1674
1675
1679
1685
1686
1688
1712
1718
1735
1744
1750
1751
1752
1758
1761
1767
1784
1798
1803
1813
1814
1822
1826
1837
1837
1837
1837
1837
1837
10
17
18
29
33
40
50
51
68
69
71
77
110
116
128
135
140
146
147
148
153
155
167
177
179
185
207
210
223
236
238
240
244
246
276
280
282
289
295
302
303
312
313
316
345
348
354
359
361
369
375
388
393
400
402
403
405
407
408
412
414
434
436
441
444
462
474
476
478
481
489
497
508
514
528
529
531
534
537
541
546
547
553
555
557
561
564
565
579
583
586
595
602
606
611
619
622
627
636
638
641
645
655
673
686
697
700
711
712
716
723
725
728
736
745
747
753
755
759
762
763
772
777
798
808
809
811
816
825
830
841
851
853
855
856
883
886
891
892
908
916
947
950
956
961
965
966
975
992
995
1001
1007
1010
1014
1027
1030
1032
1042
1045
1063
1065
1081
1082
1087
1101
1104
1110
1112
1127
1141
1148
1149
1151
1155
1156
1158
1162
1171
1176
1178
1181
1183
1190
1191
1201
1216
1217
1220
1270
1281
1287
1289
1297
1298
1308
1311
1313
1324
1328
1357
1363
1375
1382
1398
1400
1410
1415
1434
1437
1452
1459
1461
1466
1486
1488
1489
1493
1495
1496
1499
1518
1519
1529
1534
1539
1542
1546
1547
1586
1587
1588
1591
1605
1618
1626
1628
1629
1634
1640
1643
1646
1665
1667
1681
1691
1702
1706
1709
1714
1717
1722
1725
1730
1734
1740
1745
1762
1771
1775
1776
1780
1792
1793
1795
1801
1802
1803
1811
1814
1815
1823
1824
1828
1830
1831
1848
1855
1855
1855
1855
1855
1855
1855
1855
1855
1855
1855
1855
3
4
11
18
29
31
32
44
48
52
54
58
69
75
82
84
96
111
118
119
121
122
126
128
129
132
137
142
150
163
178
184
185
187
199
202
208
215
216
236
238
243
247
264
265
277
283
289
299
304
311
318
320
325
330
331
332
337
339
341
347
352
356
370
371
375
383
391
393
400
403
410
411
431
440
446
462
470
471
473
476
483
484
488
496
503
507
511
523
539
540
545
547
556
558
559
560
561
565
586
615
624
645
648
653
659
683
685
691
692
695
703
711
714
737
750
751
756
759
761
766
767
774
776
782
784
787
792
796
800
801
803
809
816
820
823
829
833
839
842
849
851
853
859
870
888
898
907
910
914
915
921
922
928
933
935
945
949
952
959
962
967
972
981
986
996
1009
1010
1018
1020
1022
1040
1048
1051
1054
1055
1062
1068
1071
1087
1091
1099
1100
1107
1115
1116
1122
1126
1130
1148
1153
1159
1162
1164
1167
1173
1176
1183
1188
1200
1218
1235
1246
1249
1253
1254
1266
1276
1281
1282
1287
1291
1299
1328
1336
1337
1341
1344
1345
1346
1354
1355
1372
1374
1383
1393
1396
1401
1403
1406
1409
1418
1421
1431
1432
1434
1435
1440
1441
1446
1453
1458
1462
1466
1492
1501
1505
1512
1519
1522
1538
1543
1545
1547
1549
1555
1557
1564
1566
1577
1579
1580
1586
1588
1590
1591
1594
1595
1606
1607
1611
1615
1617
1619
1632
1641
1650
1653
1654
1659
1672
1674
1676
1683
1684
1696
1706
1714
1715
1725
1731
1733
1737
1742
1747
1749
1753
1759
1762
1763
1766
1773
1774
1781
1792
1799
1802
1816
1817
1854
1865
1867
1875
1877
1884
1884
1884
1884
1884
1884
0
1
8
22
23
34
44
46
50
55
60
68
77
81
92
115
128
137
142
143
148
155
159
161
162
163
166
172
181
182
185
187
204
212
215
219
233
241
247
255
258
260
269
300
301
311
318
323
327
329
339
347
350
351
366
369
374
387
394
400
404
409
411
415
425
429
431
444
452
460
461
463
465
472
474
489
491
502
508
510
517
519
525
539
547
559
567
571
590
592
594
597
599
605
610
630
636
650
651
663
666
688
716
734
738
739
740
747
748
749
752
755
777
787
793
795
798
800
801
802
806
809
810
812
824
830
859
864
870
874
881
883
889
899
902
903
915
918
920
922
924
926
930
951
957
959
963
966
968
970
975
976
977
981
986
994
999
1001
1002
1007
1009
1013
1016
1018
1021
1032
1051
1054
1059
1069
1081
1094
1102
1108
1109
1117
1118
1125
1127
1131
1143
1158
1160
1161
1163
1164
1192
1195
1202
1214
1215
1222
1223
1224
1232
1243
1246
1251
1252
1255
1256
1271
1273
1275
1276
1278
1281
1282
1287
1294
1297
1300
1301
1308
1319
1324
1325
1345
1354
1361
1368
1371
1394
1398
1403
1407
1414
1426
1427
1429
1440
1442
1456
1482
1496
1497
1507
1510
1534
1544
1548
1580
1590
1591
1616
1620
1628
1631
1641
1647
1660
1664
1669
1681
1684
1688
1696
1710
1711
1712
1719
1723
1726
1727
1729
1730
1733
1741
1745
1750
1762
1765
1778
1781
1788
1792
1793
1797
1823
1824
1844
1851
1855
1872
1876
1877
1890
1895
0
14
17
21
24
36
48
56
70
85
98
112
114
118
130
140
142
144
161
180
190
201
205
207
217
218
220
226
233
264
272
281
284
287
292
298
301
307
339
344
355
357
378
382
385
388
398
430
431
432
435
444
445
452
457
458
459
460
461
466
484
502
513
528
532
540
551
552
556
558
565
567
569
571
572
579
582
588
596
603
609
623
629
633
643
645
648
654
655
656
659
660
667
668
684
690
691
699
714
717
719
737
748
749
783
794
799
800
811
813
842
845
851
853
863
867
869
870
873
874
876
880
885
890
895
900
903
904
911
918
919
926
927
930
940
959
977
983
985
988
989
1002
1042
1043
1044
1049
1054
1066
1074
1082
1083
1092
1099
1110
1117
1137
1141
1145
1161
1206
1212
1217
1220
1222
1243
1244
1250
1278
1282
1290
1293
1296
1297
1302
1304
1306
1314
1315
1334
1344
1359
1366
1368
1389
1400
1405
1410
1413
1414
1423
1425
1432
1446
1448
1449
1451
1453
1464
1465
1466
1476
1483
1484
1490
1498
1507
1509
1513
1517
1519
1522
1523
1524
1543
1546
1550
1558
1559
1561
1563
1569
1577
1609
1611
1612
1619
1627
1629
1631
1644
1658
1666
1672
1676
1681
1691
1692
1702
1713
1716
1722
1724
1743
1756
1772
1774
1776
1784
1791
1793
1803
1811
1814
1818
1838
1850
1852
1856
1864
1865
1868
1886
1890
1908
1908
1908
1908
1908
1908
1908
1908
1908
1
20
30
36
56
71
72
75
77
78
87
107
114
120
122
126
128
130
131
132
136
137
155
158
160
163
165
172
176
178
184
195
196
203
208
210
224
226
229
250
262
277
285
298
302
316
321
323
335
363
371
372
378
383
386
387
388
392
397
408
422
429
430
438
443
446
452
458
459
461
473
474
484
489
496
497
508
510
516
545
551
559
568
571
573
574
576
579
589
599
613
628
641
663
665
670
688
691
694
695
708
711
714
720
721
727
733
739
757
758
760
764
769
770
771
778
779
780
787
792
797
809
812
815
817
819
838
848
850
853
866
868
879
881
891
906
908
910
912
921
932
937
975
981
984
991
992
994
996
1006
1007
1014
1017
1025
1047
1067
1072
1109
1120
1129
1132
1138
1152
1158
1159
1163
1166
1167
1189
1196
1202
1203
1206
1216
1217
1221
1224
1225
1226
1233
1238
1246
1256
1258
1261
1275
1278
1289
1292
1298
1301
1302
1335
1339
1340
1344
1345
1348
1349
1352
1358
1359
1370
1390
1413
1417
1418
1440
1451
1459
1470
1476
1477
1490
1494
1528
1536
1545
1575
1580
1590
1599
1611
1619
1622
1631
1634
1643
1647
1649
1654
1661
1667
1673
1674
1683
1685
1691
1699
1727
1728
1733
1738
1748
1752
1760
1771
1787
1789
1803
1815
1820
1824
1834
1835
1837
1839
1842
1848
1850
1859
1861
1865
1872
1875
1881
1896
1903
1908
1912
1918
1931
3
4
6
8
12
17
31
42
59
69
71
78
79
86
87
107
109
124
127
134
137
138
140
161
168
178
183
198
204
208
239
243
247
250
251
263
268
276
280
283
287
289
312
316
322
326
327
331
334
342
345
351
354
358
369
375
380
385
389
400
401
406
412
415
418
424
434
436
437
446
457
459
476
482
484
490
503
508
517
521
523
532
533
535
551
552
557
562
566
571
580
584
589
597
603
613
614
622
641
653
705
710
711
719
720
724
733
739
741
751
752
756
765
773
776
779
790
792
803
814
815
830
831
836
863
869
870
871
880
914
915
925
932
934
936
943
957
963
970
975
985
986
987
999
1013
1014
1016
1017
1025
1028
1032
1045
1048
1054
1055
1059
1065
1069
1070
1075
1079
1080
1084
1087
1094
1098
1099
1102
1107
1113
1117
1120
1126
1133
1136
1144
1158
1166
1168
1171
1173
1180
1181
1193
1197
1203
1214
1222
1228
1235
1236
1240
1246
1251
1254
1273
1277
1278
1282
1286
1290
1291
1297
1309
1323
1327
1332
1340
1344
1345
1352
1355
1356
1382
1383
1384
1397
1399
1422
1426
1431
1440
1457
1463
1464
1466
1470
1471
1475
1479
1482
1496
1504
1513
1526
1529
1533
1548
1560
1570
1577
1582
1592
1605
1606
1608
1615
1624
1626
1630
1652
1654
1664
1675
1701
1705
1712
1720
1725
1735
1737
1761
1774
1776
1783
1787
1792
1815
1839
1841
1849
1865
1871
1873
1882
1886
1887
1889
1901
1908
1909
1917
1917
1917
1917
1917
1917
1917
9
13
17
21
25
34
43
46
48
71
72
76
77
85
104
105
114
122
130
143
166
173
179
181
183
184
188
190
203
204
207
211
216
218
230
233
236
244
249
253
265
270
273
280
284
285
293
304
308
314
323
324
330
342
346
347
354
364
365
374
380
387
388
409
412
419
421
427
437
439
452
455
460
463
471
475
476
477
482
489
515
522
524
526
545
569
581
591
596
609
638
664
678
683
690
704
705
724
728
738
740
743
747
755
757
762
777
778
789
814
818
821
825
826
829
847
855
864
888
889
893
898
918
922
934
939
940
945
952
954
955
965
969
971
978
987
994
1000
1004
1007
1008
1018
1023
1031
1049
1057
1061
1063
1067
1081
1088
1092
1095
1119
1123
1131
1154
1156
1159
1171
1172
1179
1180
1181
1186
1188
1191
1197
1198
1199
1212
1213
1218
1226
1228
1233
1235
1240
1247
1254
1256
1258
1262
1272
1277
1287
1288
1289
1293
1296
1302
1304
1307
1309
1316
1322
1327
1330
1347
1357
1358
1371
1377
1386
1390
1396
1403
1404
1412
1413
1414
1415
1416
1420
1425
1429
1430
1432
1436
1444
1447
1449
1450
1455
1457
1458
1460
1464
1466
1478
1493
1496
1510
1513
1514
1521
1528
1541
1542
1550
1552
1572
1588
1608
1611
1612
1618
1630
1631
1638
1650
1653
1659
1661
1664
1666
1667
1677
1680
1681
1689
1697
1698
1744
1747
1754
1763
1767
1774
1792
1805
1822
1828
1835
1861
1862
1869
1874
1878
1883
1887
1903
1908
1920
1928
1930
1936
1948
1950
1952
1953
1956
1962
1962
1962
1962
1962
1962
1962
1962
1962
1962
1962
1962
2
12
16
20
29
42
49
50
58
69
70
83
86
97
98
99
101
105
106
109
113
123
132
149
154
158
164
168
176
181
182
185
192
205
215
228
234
269
275
277
281
285
287
292
299
301
303
305
307
317
321
324
328
348
357
368
383
385
388
397
400
403
423
425
436
441
445
452
456
457
459
479
489
514
518
544
548
549
550
569
571
572
574
578
579
596
602
603
604
607
620
629
645
666
673
683
687
708
714
728
730
737
741
752
756
768
770
783
789
790
791
813
824
833
846
851
853
864
868
874
878
879
892
897
899
900
901
909
912
917
918
923
941
942
946
947
948
949
955
960
972
974
982
998
1023
1024
1027
1028
1043
1048
1054
1055
1057
1061
1062
1063
1065
1066
1076
1078
1081
1084
1101
1107
1112
1119
1120
1145
1146
1156
1158
1162
1179
1181
1193
1201
1208
1209
1212
1226
1242
1249
1251
1258
1263
1265
1267
1269
1287
1291
1292
1297
1299
1305
1314
1315
1320
1326
1333
1335
1363
1379
1389
1394
1407
1437
1440
1443
1449
1471
1472
1498
1502
1505
1517
1520
1526
1531
1543
1546
1571
1573
1574
1581
1584
1591
1597
1609
1619
1621
1624
1627
1633
1634
1635
1636
1640
1649
1666
1669
1670
1673
1683
1685
1692
1693
1694
1699
1703
1709
1715
1726
1730
1737
1750
1760
1769
1772
1780
1788
1806
1812
1821
1825
1832
1834
1856
1864
1887
1901
1904
1906
1912
1916
1919
1923
1928
1931
1933
1936
1941
1942
1946
1957
1968
1972
1972
1972
4
21
26
31
34
37
40
43
45
47
50
60
71
76
97
98
103
114
121
129
130
147
150
153
161
173
176
177
184
189
191
195
203
206
213
216
223
227
230
248
250
256
264
278
282
298
309
321
324
325
329
332
333
341
348
361
367
368
369
397
407
411
412
418
423
434
438
448
449
465
466
473
484
486
487
489
499
503
525
531
533
535
537
542
543
544
547
563
566
573
576
579
584
588
590
604
608
618
629
632
653
672
690
699
701
702
712
717
721
724
742
752
758
759
766
774
790
792
803
818
831
834
837
840
844
845
853
877
887
891
898
902
906
917
924
926
933
959
960
987
997
999
1003
1008
1010
1028
1034
1038
1058
1064
1068
1069
1072
1075
1081
1086
1087
1090
1100
1101
1105
1114
1119
1126
1127
1133
1137
1154
1158
1170
1173
1175
1191
1197
1199
1200
1201
1206
1208
1209
1211
1214
1219
1220
1223
1227
1231
1233
1260
1274
1277
1278
1280
1287
1289
1292
1297
1298
1300
1301
1302
1303
1304
1336
1342
1347
1353
1358
1370
1371
1377
1380
1381
1382
1385
1391
1394
1395
1398
1401
1405
1415
1427
1430
1435
1438
1440
1441
1448
1450
1452
1471
1472
1484
1488
1496
1497
1507
1517
1522
1524
1533
1535
1537
1549
1551
1554
1557
1560
1568
1581
1585
1591
1593
1615
1618
1619
1652
1661
1665
1675
1690
1695
1696
1697
1715
1723
1724
1726
1731
1735
1737
1740
1742
1744
1747
1756
1759
1760
1764
1767
1781
1787
1795
1796
1800
1804
1814
1815
1823
1829
1833
1834
1838
1856
1858
1874
1876
1887
1888
1897
1899
1900
1902
1904
1905
1907
1908
1910
1911
1924
1928
1932
1936
1938
1947
1951
1952
1957
1962
1964
1966
1969
1988
1988
1988
1988
1988
1988
1988
1988
1988
1988
1988
1988
1988
