[2026-04-30 11:12:21] ColDense Individual Sample Performance
================================================================
Format: Category | Sample_Name | M | K | N | NNZ | WindowNum | BlockNum | FillRate | Performance(us)
================================================================
Gset | G10 | 800 | 800 | 256 | 19176 | 50 | 811 | 0.09 | 85.701714
Gset | G11 | 800 | 800 | 256 | 1600 | 50 | 99 | 0.06 | 11.680234
Gset | G12 | 800 | 800 | 256 | 1600 | 50 | 100 | 0.06 | 11.900238
Gset | G13 | 800 | 800 | 256 | 1600 | 50 | 125 | 0.05 | 14.060281
Gset | G18 | 800 | 800 | 256 | 4694 | 50 | 252 | 0.07 | 20.040401
Gset | G19 | 800 | 800 | 256 | 4661 | 50 | 245 | 0.07 | 19.660393
Gset | G20 | 800 | 800 | 256 | 4672 | 50 | 250 | 0.07 | 20.000401
Gset | G21 | 800 | 800 | 256 | 4667 | 50 | 251 | 0.07 | 20.280405
Gset | G27 | 2000 | 2000 | 256 | 19990 | 125 | 1222 | 0.06 | 121.422432
Gset | G28 | 2000 | 2000 | 256 | 19990 | 125 | 1228 | 0.06 | 125.342506
Gset | G29 | 2000 | 2000 | 256 | 19990 | 125 | 1219 | 0.06 | 121.262428
Gset | G30 | 2000 | 2000 | 256 | 19990 | 125 | 1219 | 0.06 | 119.702393
Gset | G31 | 2000 | 2000 | 256 | 19990 | 125 | 1217 | 0.06 | 122.542450
Gset | G32 | 2000 | 2000 | 256 | 4000 | 125 | 276 | 0.06 | 22.380447
Gset | G33 | 2000 | 2000 | 256 | 4000 | 125 | 256 | 0.06 | 20.980419
Gset | G34 | 2000 | 2000 | 256 | 4000 | 125 | 276 | 0.06 | 22.680454
Gset | G39 | 2000 | 2000 | 256 | 11778 | 125 | 697 | 0.07 | 43.740875
Gset | G40 | 2000 | 2000 | 256 | 11766 | 125 | 704 | 0.07 | 46.200924
Gset | G41 | 2000 | 2000 | 256 | 11785 | 125 | 700 | 0.07 | 43.780876
Gset | G42 | 2000 | 2000 | 256 | 11779 | 125 | 692 | 0.07 | 45.020901
Gset | G56 | 5008 | 5008 | 256 | 12498 | 313 | 931 | 0.05 | 91.021820
Gset | G57 | 5008 | 5008 | 256 | 10000 | 313 | 638 | 0.06 | 42.920860
Gset | G59 | 5008 | 5008 | 256 | 29570 | 313 | 1823 | 0.06 | 105.602112
Gset | G6 | 800 | 800 | 256 | 19176 | 50 | 810 | 0.09 | 82.001640
Gset | G61 | 7008 | 7008 | 256 | 17148 | 438 | 1272 | 0.05 | 129.122589
Gset | G62 | 7008 | 7008 | 256 | 14000 | 438 | 888 | 0.06 | 57.081142
Gset | G64 | 7008 | 7008 | 256 | 41459 | 438 | 2572 | 0.06 | 150.983017
Gset | G65 | 8000 | 8000 | 256 | 16000 | 500 | 1100 | 0.06 | 68.701370
Gset | G66 | 9008 | 9008 | 256 | 18000 | 563 | 1148 | 0.06 | 74.661491
Gset | G67 | 10000 | 10000 | 256 | 20000 | 625 | 1276 | 0.06 | 84.821693
Gset | G7 | 800 | 800 | 256 | 19176 | 50 | 812 | 0.09 | 83.541672
Gset | G8 | 800 | 800 | 256 | 19176 | 50 | 805 | 0.09 | 82.981659
Gset | G9 | 800 | 800 | 256 | 19176 | 50 | 814 | 0.09 | 83.141663

[2026-04-30 11:19:56] ColDense Individual Sample Performance
================================================================
Format: Category | Sample_Name | M | K | N | NNZ | WindowNum | BlockNum | FillRate | Performance(us)
================================================================
HB | 1138_bus | 1152 | 1152 | 256 | 2596 | 72 | 152 | 0.07 | 14.840297
HB | 494_bus | 496 | 496 | 256 | 1080 | 31 | 68 | 0.06 | 9.600192
HB | 662_bus | 672 | 672 | 256 | 1568 | 42 | 105 | 0.06 | 15.200304
HB | 685_bus | 688 | 688 | 256 | 1967 | 43 | 100 | 0.08 | 11.860237
HB | arc130 | 144 | 144 | 256 | 1282 | 9 | 30 | 0.17 | 15.660314
HB | bcsstk01 | 48 | 48 | 256 | 224 | 3 | 6 | 0.15 | 11.840237
HB | bcsstk02 | 80 | 80 | 256 | 2211 | 5 | 15 | 0.58 | 10.620213
HB | bcsstk03 | 112 | 112 | 256 | 376 | 7 | 13 | 0.11 | 7.660153
HB | bcsstk04 | 144 | 144 | 256 | 1890 | 9 | 26 | 0.28 | 10.500210
HB | bcsstk05 | 160 | 160 | 256 | 1288 | 10 | 21 | 0.24 | 9.580192
HB | bcsstk06 | 432 | 432 | 256 | 4140 | 27 | 76 | 0.21 | 11.340227
HB | bcsstk07 | 432 | 432 | 256 | 4140 | 27 | 76 | 0.21 | 11.580232
HB | bcsstk08 | 1088 | 1088 | 256 | 7017 | 68 | 235 | 0.12 | 14.800296
HB | bcsstk09 | 1088 | 1088 | 256 | 9760 | 68 | 198 | 0.19 | 16.700335
HB | bcsstk10 | 1088 | 1088 | 256 | 11578 | 68 | 226 | 0.2 | 20.540411
HB | bcsstk11 | 1488 | 1488 | 256 | 17857 | 93 | 275 | 0.25 | 20.980419
HB | bcsstk12 | 1488 | 1488 | 256 | 17857 | 93 | 275 | 0.25 | 20.720415
HB | bcsstk13 | 2016 | 2016 | 256 | 42943 | 126 | 675 | 0.25 | 59.281185
HB | bcsstk14 | 1808 | 1808 | 256 | 32630 | 113 | 438 | 0.29 | 34.640694
HB | bcsstk15 | 3952 | 3952 | 256 | 60882 | 247 | 1139 | 0.21 | 77.641556
HB | bcsstk16 | 4896 | 4896 | 256 | 147631 | 306 | 1618 | 0.36 | 95.801918
HB | bcsstk17 | 10976 | 10976 | 256 | 219812 | 686 | 2852 | 0.3 | 188.763779
HB | bcsstk18 | 11952 | 11952 | 256 | 80519 | 747 | 2684 | 0.12 | 177.843552
HB | bcsstk19 | 832 | 832 | 256 | 3835 | 52 | 102 | 0.15 | 12.480249
HB | bcsstk20 | 496 | 496 | 256 | 1810 | 31 | 60 | 0.12 | 9.740195
HB | bcsstk21 | 3600 | 3600 | 256 | 15100 | 225 | 667 | 0.09 | 44.300884
HB | bcsstk22 | 144 | 144 | 256 | 417 | 9 | 17 | 0.1 | 7.660153
HB | bcsstk23 | 3136 | 3136 | 256 | 24156 | 196 | 726 | 0.13 | 52.021042
HB | bcsstk24 | 3568 | 3568 | 256 | 81736 | 223 | 842 | 0.38 | 72.261444
HB | bcsstk25 | 15440 | 15440 | 256 | 133840 | 965 | 3447 | 0.15 | 204.124084
HB | bcsstk26 | 1936 | 1936 | 256 | 16129 | 121 | 369 | 0.17 | 27.680553
HB | bcsstk27 | 1232 | 1232 | 256 | 28675 | 77 | 289 | 0.39 | 25.440508
HB | bcsstk28 | 4416 | 4416 | 256 | 111717 | 276 | 1156 | 0.38 | 80.981621
HB | bcsstm01 | 48 | 48 | 256 | 48 | 3 | 3 | 0.06 | 9.620193
HB | bcsstm02 | 80 | 80 | 256 | 66 | 5 | 5 | 0.05 | 4.860097
HB | bcsstm03 | 112 | 112 | 256 | 112 | 7 | 7 | 0.06 | 6.840137
HB | bcsstm04 | 144 | 144 | 256 | 132 | 9 | 9 | 0.06 | 6.780136
HB | bcsstm05 | 160 | 160 | 256 | 153 | 10 | 10 | 0.06 | 6.460129
HB | bcsstm06 | 432 | 432 | 256 | 420 | 27 | 27 | 0.06 | 7.660153
HB | bcsstm07 | 432 | 432 | 256 | 3836 | 27 | 76 | 0.2 | 11.280226
HB | bcsstm08 | 1088 | 1088 | 256 | 1074 | 68 | 68 | 0.06 | 8.860177
HB | bcsstm09 | 1088 | 1088 | 256 | 1083 | 68 | 68 | 0.06 | 9.260185
HB | bcsstm10 | 1088 | 1088 | 256 | 11589 | 68 | 226 | 0.2 | 20.440409
HB | bcsstm11 | 1488 | 1488 | 256 | 1473 | 93 | 93 | 0.06 | 10.520210
HB | bcsstm12 | 1488 | 1488 | 256 | 10566 | 93 | 271 | 0.15 | 20.500410
HB | bcsstm13 | 2016 | 2016 | 256 | 11973 | 126 | 363 | 0.13 | 42.380848
HB | bcsstm19 | 832 | 832 | 256 | 817 | 52 | 52 | 0.06 | 8.840177
HB | bcsstm20 | 496 | 496 | 256 | 485 | 31 | 31 | 0.06 | 8.260165
HB | bcsstm21 | 3600 | 3600 | 256 | 3600 | 225 | 225 | 0.06 | 18.960379
HB | bcsstm22 | 144 | 144 | 256 | 138 | 9 | 9 | 0.06 | 6.820137
HB | bcsstm23 | 3136 | 3136 | 256 | 3134 | 196 | 196 | 0.06 | 16.880337
HB | bcsstm24 | 3568 | 3568 | 256 | 3562 | 223 | 223 | 0.06 | 18.980379
HB | bcsstm25 | 15440 | 15440 | 256 | 15439 | 965 | 965 | 0.06 | 62.381248
HB | bcsstm26 | 1936 | 1936 | 256 | 1922 | 121 | 121 | 0.06 | 12.620253
HB | bcsstm27 | 1232 | 1232 | 256 | 28675 | 77 | 289 | 0.39 | 24.420488
HB | beacxc | 512 | 512 | 256 | 50409 | 32 | 783 | 0.25 | 79.901596
HB | beaflw | 512 | 512 | 256 | 53403 | 32 | 801 | 0.26 | 81.861641
HB | beause | 512 | 512 | 256 | 44551 | 32 | 760 | 0.23 | 80.761612
HB | bp_0 | 832 | 832 | 256 | 3276 | 52 | 157 | 0.08 | 41.220825
HB | bp_1000 | 832 | 832 | 256 | 4661 | 52 | 189 | 0.1 | 46.440929
HB | bp_1200 | 832 | 832 | 256 | 4726 | 52 | 187 | 0.1 | 45.060902
HB | bp_1400 | 832 | 832 | 256 | 4790 | 52 | 192 | 0.1 | 45.200905
HB | bp_1600 | 832 | 832 | 256 | 4841 | 52 | 193 | 0.1 | 44.940899
HB | bp_200 | 832 | 832 | 256 | 3802 | 52 | 167 | 0.09 | 43.280865
HB | bp_400 | 832 | 832 | 256 | 4028 | 52 | 175 | 0.09 | 45.000900
HB | bp_600 | 832 | 832 | 256 | 4172 | 52 | 177 | 0.09 | 45.000900
HB | bp_800 | 832 | 832 | 256 | 4534 | 52 | 186 | 0.1 | 46.320927
HB | fs_183_1 | 192 | 192 | 256 | 1069 | 12 | 45 | 0.09 | 12.260245
HB | fs_183_3 | 192 | 192 | 256 | 1069 | 12 | 45 | 0.09 | 12.240245
HB | fs_183_4 | 192 | 192 | 256 | 1069 | 12 | 45 | 0.09 | 12.740254
HB | fs_183_6 | 192 | 192 | 256 | 1069 | 12 | 45 | 0.09 | 12.600252
HB | fs_541_1 | 544 | 544 | 256 | 4285 | 34 | 201 | 0.08 | 22.860456
HB | fs_541_2 | 544 | 544 | 256 | 4285 | 34 | 201 | 0.08 | 22.360447
HB | fs_541_3 | 544 | 544 | 256 | 4285 | 34 | 201 | 0.08 | 22.840456
HB | fs_541_4 | 544 | 544 | 256 | 4285 | 34 | 201 | 0.08 | 22.620453
HB | fs_680_1 | 688 | 688 | 256 | 2646 | 43 | 150 | 0.07 | 23.040461
HB | fs_680_2 | 688 | 688 | 256 | 2646 | 43 | 150 | 0.07 | 22.980459
HB | fs_680_3 | 688 | 688 | 256 | 2646 | 43 | 150 | 0.07 | 22.080442
HB | fs_760_1 | 768 | 768 | 256 | 5976 | 48 | 352 | 0.07 | 49.260986
HB | fs_760_2 | 768 | 768 | 256 | 5976 | 48 | 352 | 0.07 | 49.460991
HB | fs_760_3 | 768 | 768 | 256 | 5976 | 48 | 352 | 0.07 | 49.200985
HB | gemat1 | 4944 | 10608 | 256 | 47369 | 309 | 1694 | 0.11 | 217.864365
HB | gemat11 | 4944 | 4944 | 256 | 33185 | 309 | 990 | 0.13 | 64.801292
HB | gemat12 | 4944 | 4944 | 256 | 33111 | 309 | 992 | 0.13 | 65.881317
HB | gr_30_30 | 912 | 912 | 256 | 4322 | 57 | 166 | 0.1 | 16.440329
HB | gre_1107 | 1120 | 1120 | 256 | 5664 | 70 | 270 | 0.08 | 21.500429
HB | gre_115 | 128 | 128 | 256 | 421 | 8 | 23 | 0.07 | 8.680174
HB | gre_185 | 192 | 192 | 256 | 1005 | 12 | 45 | 0.09 | 9.900198
HB | gre_216a | 224 | 224 | 256 | 876 | 14 | 38 | 0.09 | 9.940199
HB | gre_216b | 224 | 224 | 256 | 876 | 14 | 38 | 0.09 | 10.160203
HB | gre_343 | 352 | 352 | 256 | 1435 | 22 | 65 | 0.09 | 10.880218
HB | gre_512 | 512 | 512 | 256 | 2192 | 32 | 108 | 0.08 | 15.180304
HB | hor_131 | 448 | 448 | 256 | 4710 | 28 | 142 | 0.13 | 20.360407
HB | illc1033 | 1040 | 320 | 256 | 4732 | 65 | 105 | 0.18 | 12.740254
HB | illc1850 | 1856 | 720 | 256 | 8758 | 116 | 205 | 0.17 | 19.400389
HB | impcol_a | 208 | 208 | 256 | 572 | 13 | 26 | 0.09 | 8.860177
HB | impcol_b | 64 | 64 | 256 | 312 | 4 | 7 | 0.17 | 6.460129
HB | impcol_c | 144 | 144 | 256 | 411 | 9 | 19 | 0.08 | 8.200164
HB | impcol_d | 432 | 432 | 256 | 1339 | 27 | 63 | 0.08 | 11.440228
HB | impcol_e | 240 | 240 | 256 | 1308 | 15 | 41 | 0.12 | 10.900218
HB | jpwh_991 | 992 | 992 | 256 | 6027 | 62 | 348 | 0.07 | 30.220604
HB | lns_131 | 144 | 144 | 256 | 536 | 9 | 23 | 0.09 | 8.920178
HB | lns_3937 | 3952 | 3952 | 256 | 25407 | 247 | 1211 | 0.08 | 94.201881
HB | lns_511 | 512 | 512 | 256 | 2796 | 32 | 118 | 0.09 | 18.540371
HB | lnsp3937 | 3952 | 3952 | 256 | 25407 | 247 | 872 | 0.11 | 56.441128
HB | lnsp_131 | 144 | 144 | 256 | 536 | 9 | 24 | 0.09 | 9.520190
HB | lnsp_511 | 512 | 512 | 256 | 2796 | 32 | 105 | 0.1 | 14.880298
HB | lund_a | 160 | 160 | 256 | 1298 | 10 | 25 | 0.2 | 8.620173
HB | lund_b | 160 | 160 | 256 | 1294 | 10 | 25 | 0.2 | 8.520170
HB | mahindas | 1264 | 1264 | 256 | 7682 | 79 | 258 | 0.12 | 33.580673
HB | mahindas_b | 1264 | 64 | 256 | 162 | 79 | 11 | 0.06 | 10.340207
HB | mbeacxc | 496 | 496 | 256 | 49920 | 31 | 752 | 0.26 | 79.461586
HB | mbeaflw | 496 | 496 | 256 | 49920 | 31 | 752 | 0.26 | 79.601593
HB | mbeause | 496 | 496 | 256 | 41063 | 31 | 711 | 0.23 | 77.981560
HB | mcca | 192 | 192 | 256 | 2659 | 12 | 38 | 0.27 | 10.320207
HB | mcfe | 768 | 768 | 256 | 24382 | 48 | 394 | 0.24 | 34.960701
HB | nnc1374 | 1376 | 1376 | 256 | 8606 | 86 | 264 | 0.13 | 21.500429
HB | nnc261 | 272 | 272 | 256 | 1500 | 17 | 48 | 0.12 | 12.280246
HB | nnc666 | 672 | 672 | 256 | 4044 | 42 | 128 | 0.12 | 13.760275
HB | nos1 | 240 | 240 | 256 | 627 | 15 | 29 | 0.08 | 14.880298
HB | nos2 | 960 | 960 | 256 | 2547 | 60 | 119 | 0.08 | 12.660254
HB | nos3 | 960 | 960 | 256 | 8402 | 60 | 176 | 0.19 | 16.660334
HB | nos4 | 112 | 112 | 256 | 347 | 7 | 12 | 0.11 | 7.560151
HB | nos5 | 480 | 480 | 256 | 2820 | 30 | 99 | 0.11 | 13.720274
HB | nos6 | 688 | 688 | 256 | 1965 | 43 | 110 | 0.07 | 12.660254
HB | nos7 | 736 | 736 | 256 | 2673 | 46 | 131 | 0.08 | 13.160263
HB | orani678 | 2544 | 2544 | 256 | 90158 | 159 | 1061 | 0.33 | 259.945190
HB | orani678_b | 2544 | 96 | 256 | 297 | 159 | 17 | 0.07 | 14.480289
HB | orsirr_1 | 1040 | 1040 | 256 | 6858 | 65 | 272 | 0.1 | 25.920519
HB | orsirr_2 | 896 | 896 | 256 | 5970 | 56 | 238 | 0.1 | 22.000441
HB | orsreg_1 | 2208 | 2208 | 256 | 14133 | 138 | 754 | 0.07 | 51.361027
HB | plat1919 | 1920 | 1920 | 256 | 17159 | 120 | 572 | 0.12 | 49.460991
HB | plat362 | 368 | 368 | 256 | 3074 | 23 | 84 | 0.14 | 12.180243
HB | plsk1919 | 1920 | 1920 | 256 | 4831 | 120 | 248 | 0.08 | 36.260727
HB | plskz362 | 368 | 368 | 256 | 880 | 23 | 42 | 0.08 | 10.580212
HB | pores_1 | 32 | 32 | 256 | 180 | 2 | 4 | 0.18 | 11.000220
HB | pores_2 | 1232 | 1232 | 256 | 9613 | 77 | 263 | 0.14 | 23.360468
HB | pores_3 | 544 | 544 | 256 | 3474 | 34 | 94 | 0.14 | 15.260305
HB | psmigr_1 | 3152 | 3152 | 256 | 543162 | 197 | 12432 | 0.17 | 535.230713
HB | psmigr_2 | 3152 | 3152 | 256 | 540022 | 197 | 12424 | 0.17 | 535.530701
HB | psmigr_3 | 3152 | 3152 | 256 | 543162 | 197 | 12432 | 0.17 | 536.470703
HB | saylr1 | 240 | 240 | 256 | 1128 | 15 | 43 | 0.1 | 12.320247
HB | saylr3 | 1008 | 1008 | 256 | 2375 | 63 | 131 | 0.07 | 15.000300
HB | saylr4 | 3568 | 3568 | 256 | 12940 | 223 | 791 | 0.06 | 51.361027
HB | sherman1 | 1008 | 1008 | 256 | 2375 | 63 | 131 | 0.07 | 15.100302
HB | sherman2 | 1088 | 1088 | 256 | 23094 | 68 | 387 | 0.23 | 30.340607
HB | sherman3 | 5008 | 5008 | 256 | 20033 | 313 | 1102 | 0.07 | 94.121880
HB | sherman4 | 1104 | 1104 | 256 | 3786 | 69 | 199 | 0.07 | 20.820415
HB | sherman5 | 3312 | 3312 | 256 | 20793 | 207 | 690 | 0.12 | 59.601192
HB | shl_0 | 672 | 672 | 256 | 1687 | 42 | 109 | 0.06 | 42.340847
HB | shl_200 | 672 | 672 | 256 | 1726 | 42 | 114 | 0.06 | 45.020901
HB | shl_400 | 672 | 672 | 256 | 1712 | 42 | 114 | 0.06 | 43.700874
HB | steam1 | 240 | 240 | 256 | 3762 | 15 | 67 | 0.22 | 12.740254
HB | steam2 | 608 | 608 | 256 | 13760 | 38 | 183 | 0.29 | 18.720375
HB | steam3 | 80 | 80 | 256 | 928 | 5 | 13 | 0.28 | 8.120162
HB | str_0 | 368 | 368 | 256 | 2454 | 23 | 63 | 0.15 | 10.520210
HB | str_200 | 368 | 368 | 256 | 3068 | 23 | 68 | 0.18 | 11.040221
HB | str_400 | 368 | 368 | 256 | 3157 | 23 | 69 | 0.18 | 10.340207
HB | str_600 | 368 | 368 | 256 | 3279 | 23 | 73 | 0.18 | 10.440208
HB | watt_1 | 1856 | 1856 | 256 | 11360 | 116 | 440 | 0.1 | 31.080622
HB | watt_2 | 1856 | 1856 | 256 | 11550 | 116 | 450 | 0.1 | 30.800615
HB | well1033 | 1040 | 320 | 256 | 4732 | 65 | 105 | 0.18 | 13.080261
HB | well1850 | 1856 | 720 | 256 | 8758 | 116 | 205 | 0.17 | 18.420368
HB | west0067 | 80 | 80 | 256 | 294 | 5 | 12 | 0.1 | 9.040181
HB | west0132 | 144 | 144 | 256 | 414 | 9 | 18 | 0.09 | 8.520170
HB | west0156 | 160 | 160 | 256 | 371 | 10 | 20 | 0.07 | 7.940159
HB | west0167 | 176 | 176 | 256 | 507 | 11 | 24 | 0.08 | 8.580172
HB | west0381 | 384 | 384 | 256 | 2157 | 24 | 106 | 0.08 | 30.480610
HB | west0479 | 480 | 480 | 256 | 1910 | 30 | 85 | 0.09 | 12.300246
HB | west0497 | 512 | 512 | 256 | 1727 | 32 | 79 | 0.09 | 11.760235
HB | west0655 | 656 | 656 | 256 | 2854 | 41 | 127 | 0.09 | 15.160303
HB | west0989 | 992 | 992 | 256 | 3537 | 62 | 145 | 0.1 | 16.460329
HB | west1505 | 1520 | 1520 | 256 | 5445 | 95 | 224 | 0.09 | 19.920399
HB | west2021 | 2032 | 2032 | 256 | 7353 | 127 | 303 | 0.09 | 27.160543
HB | wm1 | 208 | 288 | 256 | 2909 | 13 | 54 | 0.21 | 17.700354
HB | wm2 | 208 | 272 | 256 | 2942 | 13 | 54 | 0.21 | 17.880358
HB | wm3 | 208 | 272 | 256 | 2948 | 13 | 55 | 0.21 | 18.260365
HB | young3c | 848 | 848 | 256 | 3988 | 53 | 194 | 0.08 | 20.140404
HB | zenios | 2880 | 2880 | 256 | 15032 | 180 | 611 | 0.1 | 79.661591

[2026-04-30 12:21:23] ColDense Individual Sample Performance
================================================================
Format: Category | Sample_Name | M | K | N | NNZ | WindowNum | BlockNum | FillRate | Performance(us)
================================================================
JGD_Homology | D6-6 | 120576 | 23744 | 256 | 146880 | 7536 | 10706 | 0.05 | 480.269592
JGD_Homology | ch3-3-b1 | 32 | 16 | 256 | 36 | 2 | 2 | 0.07 | 9.640193
JGD_Homology | ch3-3-b2 | 16 | 32 | 256 | 18 | 1 | 2 | 0.04 | 10.140203
JGD_Homology | ch4-4-b1 | 80 | 16 | 256 | 144 | 5 | 5 | 0.11 | 6.040121
JGD_Homology | ch4-4-b2 | 96 | 80 | 256 | 288 | 6 | 12 | 0.09 | 6.700134
JGD_Homology | ch4-4-b3 | 32 | 96 | 256 | 96 | 2 | 6 | 0.06 | 12.920259
JGD_Homology | ch5-5-b1 | 208 | 32 | 256 | 400 | 13 | 16 | 0.1 | 7.120142
JGD_Homology | ch5-5-b2 | 608 | 208 | 256 | 1800 | 38 | 75 | 0.09 | 9.940199
JGD_Homology | ch5-5-b3 | 608 | 608 | 256 | 2400 | 38 | 113 | 0.08 | 12.820256
JGD_Homology | ch5-5-b4 | 128 | 608 | 256 | 600 | 8 | 38 | 0.06 | 10.080201
JGD_Homology | ch6-6-b1 | 464 | 48 | 256 | 900 | 29 | 48 | 0.07 | 9.540191
JGD_Homology | ch6-6-b2 | 2400 | 464 | 256 | 7200 | 150 | 314 | 0.09 | 25.860518
JGD_Homology | ch6-6-b3 | 5408 | 2400 | 256 | 21600 | 338 | 1013 | 0.08 | 62.821255
JGD_Homology | ch6-6-b4 | 4320 | 5408 | 256 | 21600 | 270 | 1080 | 0.08 | 66.981339
JGD_Homology | ch6-6-b5 | 720 | 4320 | 256 | 4320 | 45 | 270 | 0.06 | 21.180424
JGD_Homology | ch7-6-b1 | 640 | 48 | 256 | 1260 | 40 | 71 | 0.07 | 10.280206
JGD_Homology | ch7-6-b2 | 4208 | 640 | 256 | 12600 | 263 | 606 | 0.08 | 45.560913
JGD_Homology | ch7-6-b3 | 12608 | 4208 | 256 | 50400 | 788 | 2380 | 0.08 | 138.622772
JGD_Homology | ch7-6-b4 | 15120 | 12608 | 256 | 75600 | 945 | 3780 | 0.08 | 213.104263
JGD_Homology | ch7-6-b5 | 5040 | 15120 | 256 | 30240 | 315 | 1758 | 0.07 | 108.282166
JGD_Homology | ch7-7-b1 | 896 | 64 | 256 | 1764 | 56 | 102 | 0.07 | 12.580252
JGD_Homology | ch7-7-b2 | 7360 | 896 | 256 | 22050 | 460 | 1140 | 0.08 | 81.081619
JGD_Homology | ch7-7-b5 | 35280 | 52928 | 256 | 211680 | 2205 | 11025 | 0.07 | 294.305878
JGD_Homology | ch7-8-b1 | 1184 | 64 | 256 | 2352 | 74 | 141 | 0.07 | 14.560291
JGD_Homology | ch7-8-b2 | 11760 | 1184 | 256 | 35280 | 735 | 1911 | 0.07 | 125.202507
JGD_Homology | ch7-8-b3 | 58800 | 11760 | 256 | 235200 | 3675 | 11670 | 0.08 | 338.406769
JGD_Homology | ch7-8-b4 | 141120 | 58800 | 256 | 705600 | 8820 | 35385 | 0.08 | 939.818787
JGD_Homology | ch7-9-b1 | 1520 | 64 | 256 | 3024 | 95 | 182 | 0.06 | 15.440309
JGD_Homology | ch7-9-b2 | 17648 | 1520 | 256 | 52920 | 1103 | 3036 | 0.07 | 183.103668
JGD_Homology | ch7-9-b3 | 105840 | 17648 | 256 | 423360 | 6615 | 21842 | 0.08 | 629.492615
JGD_Homology | ch8-8-b1 | 1568 | 64 | 256 | 3136 | 98 | 189 | 0.06 | 17.000340
JGD_Homology | ch8-8-b2 | 18816 | 1568 | 256 | 56448 | 1176 | 3167 | 0.07 | 192.743851
JGD_Homology | ch8-8-b3 | 117600 | 18816 | 256 | 470400 | 7350 | 24421 | 0.08 | 703.914062
JGD_Homology | cis-n4c6-b1 | 224 | 32 | 256 | 420 | 14 | 20 | 0.08 | 7.800156
JGD_Homology | cis-n4c6-b13 | 6304 | 25616 | 256 | 88200 | 394 | 4954 | 0.07 | 284.185669
JGD_Homology | cis-n4c6-b14 | 928 | 6304 | 256 | 13800 | 58 | 777 | 0.07 | 59.681194
JGD_Homology | cis-n4c6-b15 | 64 | 928 | 256 | 960 | 4 | 60 | 0.06 | 23.740475
JGD_Homology | cis-n4c6-b2 | 1344 | 224 | 256 | 3990 | 84 | 180 | 0.09 | 20.440409
JGD_Homology | cis-n4c6-b3 | 5984 | 1344 | 256 | 23880 | 374 | 1126 | 0.08 | 73.981476
JGD_Homology | cis-n4c6-b4 | 20064 | 5984 | 256 | 100290 | 1254 | 4972 | 0.08 | 286.885742
JGD_Homology | klein-b1 | 32 | 16 | 256 | 60 | 2 | 2 | 0.12 | 9.640193
JGD_Homology | klein-b2 | 32 | 32 | 256 | 60 | 2 | 3 | 0.08 | 10.460209
JGD_Homology | lutz30-23-b6 | 1728 | 3008 | 256 | 12012 | 108 | 640 | 0.07 | 43.980881
JGD_Homology | mk10-b1 | 640 | 48 | 256 | 1260 | 40 | 73 | 0.07 | 10.260205
JGD_Homology | mk10-b2 | 3152 | 640 | 256 | 9450 | 197 | 417 | 0.09 | 32.380646
JGD_Homology | mk10-b3 | 4736 | 3152 | 256 | 18900 | 296 | 896 | 0.08 | 60.361206
JGD_Homology | mk10-b4 | 960 | 4736 | 256 | 4725 | 60 | 296 | 0.06 | 24.220484
JGD_Homology | mk11-b1 | 992 | 64 | 256 | 1980 | 62 | 117 | 0.07 | 12.860257
JGD_Homology | mk11-b2 | 6944 | 992 | 256 | 20790 | 434 | 1042 | 0.08 | 73.701477
JGD_Homology | mk11-b3 | 17328 | 6944 | 256 | 69300 | 1083 | 3289 | 0.08 | 186.503723
JGD_Homology | mk11-b4 | 10400 | 17328 | 256 | 51975 | 650 | 2770 | 0.07 | 165.923325
JGD_Homology | mk11-b4b | 9456 | 17328 | 256 | 47250 | 591 | 2529 | 0.07 | 151.203018
JGD_Homology | mk12-b1 | 1488 | 80 | 256 | 2970 | 93 | 181 | 0.06 | 15.660314
JGD_Homology | mk12-b2 | 13872 | 1488 | 256 | 41580 | 867 | 2275 | 0.07 | 144.982895
JGD_Homology | mk12-b3 | 51984 | 13872 | 256 | 207900 | 3249 | 10005 | 0.08 | 274.785492
JGD_Homology | mk12-b4 | 62384 | 51984 | 256 | 311850 | 3899 | 15641 | 0.08 | 423.388458
JGD_Homology | mk12-b5 | 10400 | 62384 | 256 | 62370 | 650 | 3899 | 0.06 | 220.324402
JGD_Homology | mk9-b1 | 384 | 48 | 256 | 756 | 24 | 39 | 0.08 | 8.060162
JGD_Homology | mk9-b2 | 1264 | 384 | 256 | 3780 | 79 | 159 | 0.09 | 14.940299
JGD_Homology | mk9-b3 | 960 | 1264 | 256 | 3780 | 60 | 192 | 0.08 | 18.480370
JGD_Homology | n2c6-b1 | 112 | 16 | 256 | 210 | 7 | 7 | 0.12 | 6.840137
JGD_Homology | n2c6-b10 | 32 | 320 | 256 | 330 | 2 | 20 | 0.06 | 22.180443
JGD_Homology | n2c6-b2 | 464 | 112 | 256 | 1365 | 29 | 57 | 0.09 | 9.740195
JGD_Homology | n2c6-b3 | 1376 | 464 | 256 | 5460 | 86 | 253 | 0.08 | 20.960419
JGD_Homology | n2c6-b4 | 3008 | 1376 | 256 | 15015 | 188 | 731 | 0.08 | 46.360928
JGD_Homology | n2c6-b5 | 4960 | 3008 | 256 | 29670 | 310 | 1480 | 0.08 | 88.221764
JGD_Homology | n2c6-b6 | 5728 | 4960 | 256 | 40005 | 358 | 2030 | 0.08 | 120.242401
JGD_Homology | n2c6-b7 | 4000 | 5728 | 256 | 31920 | 250 | 1645 | 0.08 | 103.082062
JGD_Homology | n2c6-b8 | 1472 | 4000 | 256 | 13230 | 92 | 702 | 0.07 | 47.440948
JGD_Homology | n2c6-b9 | 320 | 1472 | 256 | 3060 | 20 | 162 | 0.07 | 16.900337
JGD_Homology | n3c4-b1 | 16 | 16 | 256 | 30 | 1 | 1 | 0.12 | 9.240185
JGD_Homology | n3c4-b2 | 32 | 16 | 256 | 60 | 2 | 2 | 0.12 | 9.580192
JGD_Homology | n3c4-b3 | 16 | 32 | 256 | 60 | 1 | 2 | 0.12 | 10.580212
JGD_Homology | n3c4-b4 | 16 | 16 | 256 | 30 | 1 | 1 | 0.12 | 9.340187
JGD_Homology | n3c5-b1 | 48 | 16 | 256 | 90 | 3 | 3 | 0.12 | 10.380208
JGD_Homology | n3c5-b2 | 128 | 48 | 256 | 360 | 8 | 15 | 0.09 | 6.820137
JGD_Homology | n3c5-b3 | 224 | 128 | 256 | 840 | 14 | 37 | 0.09 | 9.460189
JGD_Homology | n3c5-b4 | 256 | 224 | 256 | 1260 | 16 | 57 | 0.09 | 9.360188
JGD_Homology | n3c5-b5 | 224 | 256 | 256 | 1260 | 14 | 55 | 0.09 | 11.440228
JGD_Homology | n3c5-b6 | 128 | 224 | 256 | 840 | 8 | 36 | 0.09 | 10.080201
JGD_Homology | n3c5-b7 | 32 | 128 | 256 | 240 | 2 | 11 | 0.09 | 15.620313
JGD_Homology | n3c6-b1 | 112 | 112 | 256 | 210 | 7 | 7 | 0.12 | 6.580132
JGD_Homology | n3c6-b10 | 688 | 2512 | 256 | 7425 | 43 | 387 | 0.07 | 29.800596
JGD_Homology | n3c6-b11 | 64 | 688 | 256 | 720 | 4 | 41 | 0.07 | 17.760355
JGD_Homology | n3c6-b2 | 464 | 112 | 256 | 1365 | 29 | 57 | 0.09 | 9.680194
JGD_Homology | n3c6-b3 | 1376 | 464 | 256 | 5460 | 86 | 253 | 0.08 | 20.420408
JGD_Homology | n3c6-b4 | 3008 | 1376 | 256 | 15015 | 188 | 731 | 0.08 | 46.480930
JGD_Homology | n3c6-b5 | 5008 | 3008 | 256 | 30030 | 313 | 1505 | 0.08 | 93.761879
JGD_Homology | n3c6-b6 | 6448 | 5008 | 256 | 45045 | 403 | 2278 | 0.08 | 135.442703
JGD_Homology | n3c6-b7 | 6448 | 6448 | 256 | 51480 | 403 | 2609 | 0.08 | 155.703110
JGD_Homology | n3c6-b8 | 4944 | 6448 | 256 | 44415 | 309 | 2247 | 0.08 | 133.122665
JGD_Homology | n3c6-b9 | 2512 | 4944 | 256 | 25110 | 157 | 1277 | 0.08 | 82.961662
JGD_Homology | n4c5-b1 | 112 | 16 | 256 | 210 | 7 | 7 | 0.12 | 6.560131
JGD_Homology | n4c5-b10 | 128 | 640 | 256 | 1320 | 8 | 67 | 0.08 | 15.140303
JGD_Homology | n4c5-b11 | 16 | 128 | 256 | 120 | 1 | 8 | 0.06 | 17.520350
JGD_Homology | n4c5-b2 | 464 | 112 | 256 | 1365 | 29 | 57 | 0.09 | 9.860197
JGD_Homology | n4c5-b3 | 1360 | 464 | 256 | 5400 | 85 | 250 | 0.08 | 20.600412
JGD_Homology | n4c5-b4 | 2864 | 1360 | 256 | 14260 | 179 | 704 | 0.08 | 46.620934
JGD_Homology | n4c5-b5 | 4352 | 2864 | 256 | 26040 | 272 | 1330 | 0.08 | 82.221642
JGD_Homology | n4c5-b6 | 4736 | 4352 | 256 | 33145 | 296 | 1740 | 0.07 | 104.542091
JGD_Homology | n4c5-b7 | 3648 | 4736 | 256 | 29080 | 228 | 1558 | 0.07 | 94.141884
JGD_Homology | n4c5-b8 | 1904 | 3648 | 256 | 17055 | 119 | 920 | 0.07 | 55.761116
JGD_Homology | n4c5-b9 | 640 | 1904 | 256 | 6300 | 40 | 345 | 0.07 | 27.420547
JGD_Homology | n4c6-b1 | 224 | 32 | 256 | 420 | 14 | 20 | 0.08 | 7.800156
JGD_Homology | n4c6-b12 | 25616 | 69248 | 256 | 332865 | 1601 | 18647 | 0.07 | 496.229919
JGD_Homology | n4c6-b13 | 6304 | 25616 | 256 | 88200 | 394 | 4954 | 0.07 | 282.865662
JGD_Homology | n4c6-b14 | 928 | 6304 | 256 | 13800 | 58 | 777 | 0.07 | 59.921200
JGD_Homology | n4c6-b15 | 64 | 928 | 256 | 960 | 4 | 60 | 0.06 | 24.000481
JGD_Homology | n4c6-b2 | 1344 | 224 | 256 | 3990 | 84 | 180 | 0.09 | 19.760395
JGD_Homology | n4c6-b3 | 5984 | 1344 | 256 | 23880 | 374 | 1126 | 0.08 | 74.781494
JGD_Homology | n4c6-b4 | 20064 | 5984 | 256 | 100290 | 1254 | 4972 | 0.08 | 287.325745
JGD_Homology | n4c6-b5 | 51824 | 20064 | 256 | 310878 | 3239 | 15990 | 0.08 | 429.688599
JGD_Homology | shar_te2-b1 | 17168 | 288 | 256 | 34320 | 1073 | 2145 | 0.06 | 126.002518

[2026-04-30 14:49:13] ColDense Individual Sample Performance
================================================================
Format: Category | Sample_Name | M | K | N | NNZ | WindowNum | BlockNum | FillRate | Performance(us)
================================================================
VDOL | dynamicSoaringProblem_1 | 656 | 656 | 256 | 2865 | 41 | 111 | 0.1 | 19.040380
VDOL | dynamicSoaringProblem_2 | 1600 | 1600 | 256 | 8241 | 100 | 274 | 0.12 | 36.480728
VDOL | dynamicSoaringProblem_3 | 2880 | 2880 | 256 | 16818 | 180 | 494 | 0.13 | 58.261166
VDOL | dynamicSoaringProblem_4 | 3200 | 3200 | 256 | 19155 | 200 | 548 | 0.14 | 65.941322
VDOL | dynamicSoaringProblem_5 | 3280 | 3280 | 256 | 19314 | 205 | 566 | 0.13 | 66.221321
VDOL | dynamicSoaringProblem_6 | 3440 | 3440 | 256 | 19335 | 215 | 590 | 0.13 | 74.721497
VDOL | dynamicSoaringProblem_7 | 3520 | 3520 | 256 | 19827 | 220 | 604 | 0.13 | 73.561470
VDOL | dynamicSoaringProblem_8 | 3552 | 3552 | 256 | 20064 | 222 | 610 | 0.13 | 75.121506
VDOL | freeFlyingRobot_1 | 800 | 800 | 256 | 2861 | 50 | 131 | 0.09 | 21.880438
VDOL | freeFlyingRobot_10 | 5232 | 5232 | 256 | 21604 | 327 | 895 | 0.09 | 154.563095
VDOL | freeFlyingRobot_11 | 5440 | 5440 | 256 | 21657 | 340 | 928 | 0.09 | 168.243362
VDOL | freeFlyingRobot_12 | 5584 | 5584 | 256 | 22642 | 349 | 953 | 0.09 | 166.923340
VDOL | freeFlyingRobot_13 | 5728 | 5728 | 256 | 23711 | 358 | 977 | 0.09 | 173.383469
VDOL | freeFlyingRobot_14 | 5968 | 5968 | 256 | 23435 | 373 | 1019 | 0.09 | 179.463593
VDOL | freeFlyingRobot_15 | 6048 | 6048 | 256 | 23499 | 378 | 1032 | 0.09 | 178.763580
VDOL | freeFlyingRobot_16 | 6080 | 6080 | 256 | 23825 | 380 | 1038 | 0.09 | 178.423569
VDOL | freeFlyingRobot_2 | 1344 | 1344 | 256 | 6200 | 84 | 230 | 0.11 | 36.020721
VDOL | freeFlyingRobot_3 | 1728 | 1728 | 256 | 6975 | 108 | 290 | 0.09 | 46.140923
VDOL | freeFlyingRobot_4 | 2368 | 2368 | 256 | 9815 | 148 | 403 | 0.1 | 70.561409
VDOL | freeFlyingRobot_5 | 2880 | 2880 | 256 | 13153 | 180 | 494 | 0.1 | 93.401871
VDOL | freeFlyingRobot_6 | 3360 | 3360 | 256 | 14521 | 210 | 576 | 0.1 | 94.801895
VDOL | freeFlyingRobot_7 | 3920 | 3920 | 256 | 16697 | 245 | 673 | 0.1 | 122.842461
VDOL | freeFlyingRobot_8 | 4400 | 4400 | 256 | 18797 | 275 | 756 | 0.1 | 134.502686
VDOL | freeFlyingRobot_9 | 4784 | 4784 | 256 | 21414 | 299 | 819 | 0.1 | 143.002853
VDOL | goddardRocketProblem_1 | 832 | 832 | 256 | 4457 | 52 | 158 | 0.11 | 22.020441
VDOL | goddardRocketProblem_2 | 880 | 880 | 256 | 4746 | 55 | 177 | 0.1 | 26.340527
VDOL | hangGlider_1 | 368 | 368 | 256 | 1838 | 23 | 75 | 0.1 | 17.420349
VDOL | hangGlider_2 | 1648 | 1648 | 256 | 7834 | 103 | 353 | 0.09 | 76.641533
VDOL | hangGlider_3 | 10272 | 10272 | 256 | 49201 | 642 | 2206 | 0.09 | 282.105652
VDOL | hangGlider_4 | 15568 | 15568 | 256 | 79088 | 973 | 3348 | 0.09 | 409.828186
VDOL | hangGlider_5 | 16016 | 16016 | 256 | 82070 | 1001 | 3444 | 0.09 | 394.687897
VDOL | kineticBatchReactor_1 | 2064 | 2064 | 256 | 10836 | 129 | 538 | 0.08 | 65.901321
VDOL | kineticBatchReactor_2 | 4368 | 4368 | 256 | 23559 | 273 | 1127 | 0.08 | 115.262306
VDOL | kineticBatchReactor_3 | 5088 | 5088 | 256 | 27937 | 318 | 1331 | 0.08 | 155.823120
VDOL | kineticBatchReactor_4 | 7120 | 7120 | 256 | 39290 | 445 | 1872 | 0.08 | 198.583969
VDOL | kineticBatchReactor_5 | 7648 | 7648 | 256 | 42379 | 478 | 2004 | 0.08 | 235.284698
VDOL | kineticBatchReactor_6 | 7776 | 7776 | 256 | 43280 | 486 | 2044 | 0.08 | 228.924576
VDOL | kineticBatchReactor_7 | 7968 | 7968 | 256 | 44335 | 498 | 2085 | 0.08 | 235.024704
VDOL | kineticBatchReactor_8 | 8064 | 8064 | 256 | 44700 | 504 | 2109 | 0.08 | 252.065048
VDOL | kineticBatchReactor_9 | 8128 | 8128 | 256 | 45211 | 508 | 2137 | 0.08 | 124.022484
VDOL | lowThrust_1 | 592 | 592 | 256 | 3314 | 37 | 144 | 0.09 | 32.140644
VDOL | lowThrust_10 | 18272 | 18272 | 256 | 116074 | 1142 | 4627 | 0.1 | 323.106476
VDOL | lowThrust_11 | 18368 | 18368 | 256 | 117002 | 1148 | 4653 | 0.1 | 329.186584
VDOL | lowThrust_12 | 18464 | 18464 | 256 | 117423 | 1154 | 4676 | 0.1 | 330.306610
VDOL | lowThrust_13 | 18480 | 18480 | 256 | 117580 | 1155 | 4680 | 0.1 | 329.026581
VDOL | lowThrust_2 | 2320 | 2320 | 256 | 13772 | 145 | 582 | 0.09 | 88.541771
VDOL | lowThrust_3 | 7072 | 7072 | 256 | 42284 | 442 | 1786 | 0.09 | 256.305115
VDOL | lowThrust_4 | 13568 | 13568 | 256 | 84240 | 848 | 3434 | 0.1 | 241.644836
VDOL | lowThrust_5 | 16272 | 16272 | 256 | 103701 | 1017 | 4117 | 0.1 | 288.425781
VDOL | lowThrust_6 | 16928 | 16928 | 256 | 108376 | 1058 | 4288 | 0.1 | 301.966034
VDOL | lowThrust_7 | 17392 | 17392 | 256 | 110607 | 1087 | 4402 | 0.1 | 307.646149
VDOL | lowThrust_8 | 17712 | 17712 | 256 | 113139 | 1107 | 4482 | 0.1 | 319.486389
VDOL | lowThrust_9 | 18048 | 18048 | 256 | 114806 | 1128 | 4569 | 0.1 | 323.626465
VDOL | orbitRaising_1 | 448 | 448 | 256 | 1573 | 28 | 68 | 0.09 | 10.540211
VDOL | orbitRaising_2 | 752 | 752 | 256 | 3464 | 47 | 118 | 0.11 | 17.320347
VDOL | orbitRaising_3 | 768 | 768 | 256 | 3256 | 48 | 125 | 0.1 | 17.060341
VDOL | orbitRaising_4 | 928 | 928 | 256 | 4144 | 58 | 146 | 0.11 | 17.420349
VDOL | reorientation_1 | 688 | 688 | 256 | 3861 | 43 | 182 | 0.08 | 45.760914
VDOL | reorientation_2 | 1552 | 1552 | 256 | 9408 | 97 | 421 | 0.09 | 79.881599
VDOL | reorientation_3 | 2528 | 2528 | 256 | 16821 | 158 | 688 | 0.1 | 172.983459
VDOL | reorientation_4 | 2720 | 2720 | 256 | 17613 | 170 | 747 | 0.09 | 137.682755
VDOL | reorientation_5 | 2912 | 2912 | 256 | 18648 | 182 | 798 | 0.09 | 192.163849
VDOL | reorientation_6 | 3008 | 3008 | 256 | 19554 | 188 | 824 | 0.09 | 161.943237
VDOL | reorientation_7 | 3072 | 3072 | 256 | 19473 | 192 | 838 | 0.09 | 217.364349
VDOL | reorientation_8 | 3120 | 3120 | 256 | 19860 | 195 | 851 | 0.09 | 157.923157
VDOL | spaceShuttleEntry_1 | 560 | 560 | 256 | 3605 | 35 | 167 | 0.08 | 33.280666
VDOL | spaceShuttleEntry_2 | 1440 | 1440 | 256 | 12444 | 90 | 431 | 0.11 | 78.621574
VDOL | spaceShuttleEntry_3 | 1840 | 1840 | 256 | 14902 | 115 | 556 | 0.1 | 97.341949
VDOL | spaceShuttleEntry_4 | 2464 | 2464 | 256 | 20534 | 154 | 742 | 0.11 | 133.002655
VDOL | spaceStation_1 | 112 | 112 | 256 | 489 | 7 | 13 | 0.15 | 8.360168
VDOL | spaceStation_10 | 1280 | 1280 | 256 | 9096 | 80 | 376 | 0.09 | 52.201042
VDOL | spaceStation_11 | 1376 | 1376 | 256 | 9860 | 86 | 406 | 0.09 | 69.461388
VDOL | spaceStation_12 | 1424 | 1424 | 256 | 10260 | 89 | 418 | 0.1 | 68.581375
VDOL | spaceStation_13 | 1632 | 1632 | 256 | 12279 | 102 | 484 | 0.1 | 68.941376
VDOL | spaceStation_14 | 1648 | 1648 | 256 | 12623 | 103 | 489 | 0.1 | 69.121384
VDOL | spaceStation_2 | 336 | 336 | 256 | 2999 | 21 | 88 | 0.13 | 19.460390
VDOL | spaceStation_3 | 480 | 480 | 256 | 2681 | 30 | 135 | 0.08 | 19.900398
VDOL | spaceStation_4 | 960 | 960 | 256 | 7079 | 60 | 286 | 0.1 | 50.721016
VDOL | spaceStation_5 | 1024 | 1024 | 256 | 7895 | 64 | 304 | 0.1 | 52.881058
VDOL | spaceStation_6 | 1120 | 1120 | 256 | 9109 | 70 | 330 | 0.11 | 54.121082
VDOL | spaceStation_7 | 1136 | 1136 | 256 | 9444 | 71 | 341 | 0.11 | 53.441071
VDOL | spaceStation_8 | 1168 | 1168 | 256 | 9797 | 73 | 350 | 0.11 | 53.341068
VDOL | spaceStation_9 | 1184 | 1184 | 256 | 10168 | 74 | 358 | 0.11 | 53.601070
VDOL | tumorAntiAngiogenesis_1 | 208 | 208 | 256 | 953 | 13 | 39 | 0.1 | 14.200284
VDOL | tumorAntiAngiogenesis_2 | 320 | 320 | 256 | 1441 | 20 | 58 | 0.1 | 19.320387
VDOL | tumorAntiAngiogenesis_3 | 416 | 416 | 256 | 2099 | 26 | 79 | 0.1 | 25.280506
VDOL | tumorAntiAngiogenesis_4 | 464 | 464 | 256 | 2433 | 29 | 89 | 0.11 | 26.000521
VDOL | tumorAntiAngiogenesis_5 | 464 | 464 | 256 | 2483 | 29 | 90 | 0.11 | 27.520550
VDOL | tumorAntiAngiogenesis_6 | 480 | 480 | 256 | 2537 | 30 | 90 | 0.11 | 27.760555
VDOL | tumorAntiAngiogenesis_7 | 480 | 480 | 256 | 2441 | 30 | 93 | 0.1 | 27.900558
VDOL | tumorAntiAngiogenesis_8 | 496 | 496 | 256 | 2535 | 31 | 95 | 0.1 | 28.680574

[2026-04-30 15:50:54] ColDense Individual Sample Performance
================================================================
Format: Category | Sample_Name | M | K | N | NNZ | WindowNum | BlockNum | FillRate | Performance(us)
================================================================
.ipynb_checkpoints | Reuters911_Day_53-checkpoint | 13344 | 13344 | 256 | 3465 | 834 | 583 | 0.02 | 61.701233
Pajek | Cities | 64 | 48 | 256 | 1342 | 4 | 12 | 0.44 | 7.720154
Pajek | EAT_RS | 23232 | 23232 | 256 | 325592 | 1452 | 19426 | 0.07 | 687.493774
Pajek | EAT_SR | 23232 | 23232 | 256 | 325589 | 1452 | 18774 | 0.07 | 579.151611
Pajek | FA | 10624 | 10624 | 256 | 72176 | 664 | 4464 | 0.06 | 271.965454
Pajek | GD00_c | 640 | 640 | 256 | 1041 | 40 | 72 | 0.06 | 12.700254
Pajek | GD01_Acap | 960 | 960 | 256 | 645 | 60 | 66 | 0.04 | 11.140223
Pajek | GD01_a | 320 | 320 | 256 | 645 | 20 | 43 | 0.06 | 8.680174
Pajek | GD01_c | 48 | 48 | 256 | 135 | 3 | 3 | 0.18 | 10.640213
Pajek | GD96_a | 1104 | 1104 | 256 | 1677 | 69 | 135 | 0.05 | 15.000300
Pajek | GD97_b | 48 | 48 | 256 | 132 | 3 | 4 | 0.13 | 10.600212
Pajek | GD97_c | 464 | 464 | 256 | 460 | 29 | 44 | 0.04 | 30.300606
Pajek | GD99_b | 64 | 64 | 256 | 127 | 4 | 7 | 0.07 | 9.180183
Pajek | Journals | 128 | 128 | 256 | 6096 | 8 | 36 | 0.66 | 13.920279
Pajek | Lederberg | 8848 | 8848 | 256 | 41601 | 553 | 2604 | 0.06 | 288.865784
Pajek | ODLIS | 2912 | 2912 | 256 | 18246 | 182 | 955 | 0.07 | 62.761253
Pajek | Ragusa16 | 32 | 32 | 256 | 81 | 2 | 3 | 0.11 | 10.060202
Pajek | Ragusa18 | 32 | 32 | 256 | 64 | 2 | 3 | 0.08 | 10.760215
Pajek | Reuters911 | 13344 | 13344 | 256 | 148038 | 834 | 8547 | 0.07 | 497.269958
Pajek | Reuters911_Day_01 | 13344 | 13344 | 256 | 9318 | 834 | 978 | 0.04 | 105.262108
Pajek | Reuters911_Day_02 | 13344 | 13344 | 256 | 13919 | 834 | 1281 | 0.04 | 149.522995
Pajek | Reuters911_Day_03 | 13344 | 13344 | 256 | 7451 | 834 | 882 | 0.03 | 91.201820
Pajek | Reuters911_Day_04 | 13344 | 13344 | 256 | 6232 | 834 | 796 | 0.03 | 79.801598
Pajek | Reuters911_Day_05 | 13344 | 13344 | 256 | 8834 | 834 | 987 | 0.03 | 108.902176
Pajek | Reuters911_Day_06 | 13344 | 13344 | 256 | 7945 | 834 | 912 | 0.03 | 92.841858
Pajek | Reuters911_Day_07 | 13344 | 13344 | 256 | 4602 | 834 | 684 | 0.03 | 66.861336
Pajek | Reuters911_Day_08 | 13344 | 13344 | 256 | 3437 | 834 | 582 | 0.02 | 57.581150
Pajek | Reuters911_Day_09 | 13344 | 13344 | 256 | 3884 | 834 | 619 | 0.02 | 62.721256
Pajek | Reuters911_Day_10 | 13344 | 13344 | 256 | 4705 | 834 | 693 | 0.03 | 77.821556
Pajek | Reuters911_Day_11 | 13344 | 13344 | 256 | 5120 | 834 | 724 | 0.03 | 74.301483
Pajek | Reuters911_Day_12 | 13344 | 13344 | 256 | 2775 | 834 | 534 | 0.02 | 51.261024
Pajek | Reuters911_Day_13 | 13344 | 13344 | 256 | 2132 | 834 | 440 | 0.02 | 48.380966
Pajek | Reuters911_Day_14 | 13344 | 13344 | 256 | 2695 | 834 | 531 | 0.02 | 51.461029
Pajek | Reuters911_Day_15 | 13344 | 13344 | 256 | 5754 | 834 | 745 | 0.03 | 73.501472
Pajek | Reuters911_Day_16 | 13344 | 13344 | 256 | 4893 | 834 | 697 | 0.03 | 74.741493
Pajek | Reuters911_Day_17 | 13344 | 13344 | 256 | 3687 | 834 | 612 | 0.02 | 62.281246
Pajek | Reuters911_Day_18 | 13344 | 13344 | 256 | 3405 | 834 | 602 | 0.02 | 57.981159
Pajek | Reuters911_Day_19 | 13344 | 13344 | 256 | 1885 | 834 | 419 | 0.02 | 44.520889
Pajek | Reuters911_Day_20 | 13344 | 13344 | 256 | 2983 | 834 | 527 | 0.02 | 53.401070
Pajek | Reuters911_Day_21 | 13344 | 13344 | 256 | 3543 | 834 | 610 | 0.02 | 55.021099
Pajek | Reuters911_Day_22 | 13344 | 13344 | 256 | 3566 | 834 | 616 | 0.02 | 59.221184
Pajek | Reuters911_Day_23 | 13344 | 13344 | 256 | 2993 | 834 | 548 | 0.02 | 53.161064
Pajek | Reuters911_Day_24 | 13344 | 13344 | 256 | 2396 | 834 | 478 | 0.02 | 52.261044
Pajek | Reuters911_Day_25 | 13344 | 13344 | 256 | 3822 | 834 | 626 | 0.02 | 60.221203
Pajek | Reuters911_Day_26 | 13344 | 13344 | 256 | 3125 | 834 | 559 | 0.02 | 60.241203
Pajek | Reuters911_Day_27 | 13344 | 13344 | 256 | 3610 | 834 | 592 | 0.02 | 61.141224
Pajek | Reuters911_Day_28 | 13344 | 13344 | 256 | 3816 | 834 | 628 | 0.02 | 58.821175
Pajek | Reuters911_Day_29 | 13344 | 13344 | 256 | 2841 | 834 | 540 | 0.02 | 52.301044
Pajek | Reuters911_Day_30 | 13344 | 13344 | 256 | 3076 | 834 | 582 | 0.02 | 58.261166
Pajek | Reuters911_Day_31 | 13344 | 13344 | 256 | 4025 | 834 | 664 | 0.02 | 65.801315
Pajek | Reuters911_Day_32 | 13344 | 13344 | 256 | 3124 | 834 | 555 | 0.02 | 54.081081
Pajek | Reuters911_Day_33 | 13344 | 13344 | 256 | 3032 | 834 | 560 | 0.02 | 55.581112
Pajek | Reuters911_Day_34 | 13344 | 13344 | 256 | 3068 | 834 | 550 | 0.02 | 55.181103
Pajek | Reuters911_Day_35 | 13344 | 13344 | 256 | 3548 | 834 | 591 | 0.02 | 53.941078
Pajek | Reuters911_Day_36 | 13344 | 13344 | 256 | 3822 | 834 | 613 | 0.02 | 59.521191
Pajek | Reuters911_Day_37 | 13344 | 13344 | 256 | 3675 | 834 | 632 | 0.02 | 65.501312
Pajek | Reuters911_Day_38 | 13344 | 13344 | 256 | 2941 | 834 | 555 | 0.02 | 54.681095
Pajek | Reuters911_Day_39 | 13344 | 13344 | 256 | 3568 | 834 | 604 | 0.02 | 62.921257
Pajek | Reuters911_Day_40 | 13344 | 13344 | 256 | 3133 | 834 | 547 | 0.02 | 49.920998
Pajek | Reuters911_Day_41 | 13344 | 13344 | 256 | 2774 | 834 | 527 | 0.02 | 55.701115
Pajek | Reuters911_Day_42 | 13344 | 13344 | 256 | 2243 | 834 | 447 | 0.02 | 47.080940
Pajek | Reuters911_Day_43 | 13344 | 13344 | 256 | 2374 | 834 | 486 | 0.02 | 51.141022
Pajek | Reuters911_Day_44 | 13344 | 13344 | 256 | 2935 | 834 | 542 | 0.02 | 51.981041
Pajek | Reuters911_Day_45 | 13344 | 13344 | 256 | 2579 | 834 | 509 | 0.02 | 52.801056
Pajek | Reuters911_Day_46 | 13344 | 13344 | 256 | 2487 | 834 | 487 | 0.02 | 46.980938
Pajek | Reuters911_Day_47 | 13344 | 13344 | 256 | 3200 | 834 | 572 | 0.02 | 60.581211
Pajek | Reuters911_Day_48 | 13344 | 13344 | 256 | 2919 | 834 | 546 | 0.02 | 54.621094
Pajek | Reuters911_Day_49 | 13344 | 13344 | 256 | 3135 | 834 | 552 | 0.02 | 58.421169
Pajek | Reuters911_Day_50 | 13344 | 13344 | 256 | 3182 | 834 | 580 | 0.02 | 28.320566
Pajek | Reuters911_Day_51 | 13344 | 13344 | 256 | 2889 | 834 | 544 | 0.02 | 51.201023
Pajek | Reuters911_Day_52 | 13344 | 13344 | 256 | 3523 | 834 | 595 | 0.02 | 58.041161
Pajek | Reuters911_Day_53 | 13344 | 13344 | 256 | 3465 | 834 | 583 | 0.02 | 61.941238
Pajek | Reuters911_Day_54 | 13344 | 13344 | 256 | 3390 | 834 | 582 | 0.02 | 56.481129
Pajek | Reuters911_Day_55 | 13344 | 13344 | 256 | 2652 | 834 | 507 | 0.02 | 50.381008
Pajek | Reuters911_Day_56 | 13344 | 13344 | 256 | 3988 | 834 | 659 | 0.02 | 64.441292
Pajek | Reuters911_Day_57 | 13344 | 13344 | 256 | 1889 | 834 | 413 | 0.02 | 44.660892
Pajek | Reuters911_Day_58 | 13344 | 13344 | 256 | 2181 | 834 | 455 | 0.02 | 50.181004
Pajek | Reuters911_Day_59 | 13344 | 13344 | 256 | 3095 | 834 | 546 | 0.02 | 59.241184
Pajek | Reuters911_Day_60 | 13344 | 13344 | 256 | 2883 | 834 | 532 | 0.02 | 52.621052
Pajek | Reuters911_Day_61 | 13344 | 13344 | 256 | 2576 | 834 | 517 | 0.02 | 52.801056
Pajek | Reuters911_Day_62 | 13344 | 13344 | 256 | 1997 | 834 | 433 | 0.02 | 43.780876
Pajek | Reuters911_Day_63 | 13344 | 13344 | 256 | 1955 | 834 | 445 | 0.02 | 46.400928
Pajek | Reuters911_Day_64 | 13344 | 13344 | 256 | 2350 | 834 | 455 | 0.02 | 50.121002
Pajek | Reuters911_Day_65 | 13344 | 13344 | 256 | 2132 | 834 | 441 | 0.02 | 52.841057
Pajek | Reuters911_Day_66 | 13344 | 13344 | 256 | 2274 | 834 | 464 | 0.02 | 52.721054
Pajek | Sandi_authors | 96 | 96 | 256 | 124 | 6 | 9 | 0.05 | 6.280126
Pajek | SciMet | 3088 | 3088 | 256 | 10413 | 193 | 652 | 0.06 | 84.681694
Pajek | SmaGri | 1072 | 1072 | 256 | 4919 | 67 | 273 | 0.07 | 68.981377
Pajek | SmallW | 400 | 400 | 256 | 994 | 25 | 50 | 0.08 | 22.060442
Pajek | Stranke94 | 16 | 16 | 256 | 45 | 1 | 1 | 0.18 | 8.820176
Pajek | USAir97 | 336 | 336 | 256 | 2126 | 21 | 66 | 0.13 | 13.440269
Pajek | Wordnet3 | 82672 | 82672 | 256 | 132964 | 5167 | 7948 | 0.07 | 312.506256
Pajek | WorldCities | 320 | 112 | 256 | 7518 | 20 | 121 | 0.24 | 15.400308
Pajek | Zewail | 6752 | 6752 | 256 | 54233 | 422 | 3225 | 0.07 | 159.523193
Pajek | foldoc | 13360 | 13360 | 256 | 120238 | 835 | 4430 | 0.11 | 155.703110
Pajek | football | 48 | 48 | 256 | 118 | 3 | 4 | 0.12 | 10.760215
Pajek | geom | 7344 | 7344 | 256 | 11898 | 459 | 944 | 0.05 | 76.381531
Pajek | internet | 124656 | 124656 | 256 | 207214 | 7791 | 14701 | 0.06 | 564.411316

[2026-05-01 12:00:44] ColDense Individual Sample Performance
================================================================
Format: Category | Sample_Name | M | K | N | NNZ | WindowNum | BlockNum | FillRate | Performance(us)
================================================================
BigData | thermomech_TC | 102160 | 102160 | 256 | 406858 | 6385 | 28294 | 0.06 | 1034.300659
BigData | thermomech_TK | 102160 | 102160 | 256 | 406858 | 6385 | 28294 | 0.06 | 1033.700684
BigData | kron_g500-logn17 | 131072 | 131072 | 256 | 5114375 | 8192 | 295864 | 0.07 | 15063.060547
BigData | GL7d14 | 171376 | 47280 | 256 | 1831183 | 10711 | 118936 | 0.06 | 3778.635498
BigData | GL7d23 | 105056 | 349456 | 256 | 2695430 | 6566 | 171062 | 0.06 | 12433.568359
BigData | m133-b3 | 200208 | 200208 | 256 | 800800 | 12513 | 44037 | 0.07 | 1226.664551
BigData | mk13-b5 | 135136 | 270272 | 256 | 810810 | 8446 | 44403 | 0.07 | 1187.243774
BigData | n4c6-b7 | 163216 | 104128 | 256 | 1305720 | 10201 | 69897 | 0.07 | 1858.057129
BigData | n4c6-b8 | 198896 | 163216 | 256 | 1790055 | 12431 | 97119 | 0.07 | 2567.131348
BigData | n4c6-b9 | 186560 | 198896 | 256 | 1865580 | 11660 | 102347 | 0.07 | 2707.993896
BigData | n4c6-b10 | 132416 | 186560 | 256 | 1456422 | 8276 | 80650 | 0.07 | 2127.502441
BigData | neos1 | 131584 | 133488 | 256 | 599590 | 8224 | 31083 | 0.08 | 909.478210
BigData | neos2 | 132576 | 134128 | 256 | 685087 | 8286 | 31574 | 0.08 | 883.417664
BigData | torso1 | 116160 | 116160 | 256 | 8516500 | 7260 | 63705 | 0.52 | 2777.075684
BigData | torso2 | 115968 | 115968 | 256 | 1033473 | 7248 | 28992 | 0.14 | 768.735352
BigData | crashbasis | 160000 | 160000 | 256 | 1750416 | 10000 | 59896 | 0.11 | 1567.671387
BigData | majorbasis | 160000 | 160000 | 256 | 1750416 | 10000 | 59896 | 0.11 | 1568.191406
BigData | soc-sign-epinions | 131840 | 131840 | 256 | 841372 | 8240 | 50719 | 0.06 | 7206.903809
BigData | sx-superuser_A2Q | 194096 | 194096 | 256 | 403578 | 12131 | 30551 | 0.05 | 3288.865723
BigData | sx-superuser_C2A | 194096 | 194096 | 256 | 289487 | 12131 | 23727 | 0.05 | 2412.228271
BigData | sx-superuser_C2Q | 194096 | 194096 | 256 | 291030 | 12131 | 25231 | 0.05 | 1858.637207
BigData | sx-superuser | 194096 | 194096 | 256 | 924886 | 12131 | 62564 | 0.06 | 6628.312500

[2026-05-01 16:02:19] ColDense Individual Sample Performance
================================================================
Format: Category | Sample_Name | M | K | N | NNZ | WindowNum | BlockNum | FillRate | Performance(us)
================================================================

[2026-05-01 16:11:54] ColDense Individual Sample Performance
================================================================
Format: Category | Sample_Name | M | K | N | NNZ | WindowNum | BlockNum | FillRate | Performance(us)
================================================================
Pajek | patents_main | 240560 | 240560 | 256 | 560943 | 15035 | 40643 | 0.05 | 1330.766602

[2026-05-01 16:46:11] ColDense Individual Sample Performance
================================================================
Format: Category | Sample_Name | M | K | N | NNZ | WindowNum | BlockNum | FillRate | Performance(us)
================================================================
BigData | kron_g500-logn18 | 262144 | 262144 | 256 | 10583222 | 16384 | 627338 | 0.07 | 29555.230469
BigData | sgpf5y6 | 246080 | 312544 | 256 | 831976 | 15380 | 60151 | 0.05 | 1600.232056

