[2026-04-30 11:02:02] ColDense Individual Sample Performance
================================================================
Format: Category | Sample_Name | M | K | N | NNZ | WindowNum | BlockNum | FillRate | Performance(us)
================================================================
Gset | G10 | 800 | 800 | 128 | 19176 | 50 | 809 | 0.09 | 85.341705
Gset | G11 | 800 | 800 | 128 | 1600 | 50 | 97 | 0.06 | 11.340227
Gset | G12 | 800 | 800 | 128 | 1600 | 50 | 98 | 0.06 | 11.160223
Gset | G13 | 800 | 800 | 128 | 1600 | 50 | 95 | 0.07 | 11.520230
Gset | G18 | 800 | 800 | 128 | 4694 | 50 | 199 | 0.09 | 20.400408
Gset | G19 | 800 | 800 | 128 | 4661 | 50 | 195 | 0.09 | 17.400349
Gset | G20 | 800 | 800 | 128 | 4672 | 50 | 202 | 0.09 | 20.480410
Gset | G21 | 800 | 800 | 128 | 4667 | 50 | 194 | 0.09 | 18.980379
Gset | G27 | 2000 | 2000 | 128 | 19990 | 125 | 1191 | 0.07 | 121.842438
Gset | G28 | 2000 | 2000 | 128 | 19990 | 125 | 1202 | 0.06 | 125.622513
Gset | G29 | 2000 | 2000 | 128 | 19990 | 125 | 1197 | 0.07 | 121.642433
Gset | G30 | 2000 | 2000 | 128 | 19990 | 125 | 1196 | 0.07 | 119.542389
Gset | G31 | 2000 | 2000 | 128 | 19990 | 125 | 1193 | 0.07 | 122.662453
Gset | G32 | 2000 | 2000 | 128 | 4000 | 125 | 244 | 0.06 | 20.060402
Gset | G33 | 2000 | 2000 | 128 | 4000 | 125 | 247 | 0.06 | 20.000401
Gset | G34 | 2000 | 2000 | 128 | 4000 | 125 | 248 | 0.06 | 20.140404
Gset | G39 | 2000 | 2000 | 128 | 11778 | 125 | 526 | 0.09 | 38.100761
Gset | G40 | 2000 | 2000 | 128 | 11766 | 125 | 524 | 0.09 | 36.960739
Gset | G41 | 2000 | 2000 | 128 | 11785 | 125 | 525 | 0.09 | 39.100780
Gset | G42 | 2000 | 2000 | 128 | 11779 | 125 | 522 | 0.09 | 38.600773
Gset | G56 | 5008 | 5008 | 128 | 12498 | 313 | 764 | 0.06 | 104.922096
Gset | G57 | 5008 | 5008 | 128 | 10000 | 313 | 619 | 0.06 | 39.700794
Gset | G59 | 5008 | 5008 | 128 | 29570 | 313 | 1397 | 0.08 | 83.321663
Gset | G6 | 800 | 800 | 128 | 19176 | 50 | 804 | 0.09 | 81.921638
Gset | G61 | 7008 | 7008 | 128 | 17148 | 438 | 1040 | 0.06 | 146.982941
Gset | G62 | 7008 | 7008 | 128 | 14000 | 438 | 870 | 0.06 | 55.201103
Gset | G64 | 7008 | 7008 | 128 | 41459 | 438 | 1991 | 0.08 | 119.462387
Gset | G65 | 8000 | 8000 | 128 | 16000 | 500 | 991 | 0.06 | 60.721214
Gset | G66 | 9008 | 9008 | 128 | 18000 | 563 | 1117 | 0.06 | 68.681374
Gset | G67 | 10000 | 10000 | 128 | 20000 | 625 | 1240 | 0.06 | 74.041481
Gset | G7 | 800 | 800 | 128 | 19176 | 50 | 812 | 0.09 | 83.161667
Gset | G8 | 800 | 800 | 128 | 19176 | 50 | 803 | 0.09 | 82.981659
Gset | G9 | 800 | 800 | 128 | 19176 | 50 | 809 | 0.09 | 82.821655

[2026-04-30 11:42:37] ColDense Individual Sample Performance
================================================================
Format: Category | Sample_Name | M | K | N | NNZ | WindowNum | BlockNum | FillRate | Performance(us)
================================================================
HB | 1138_bus | 1152 | 1152 | 128 | 2596 | 72 | 143 | 0.07 | 12.500250
HB | 494_bus | 496 | 496 | 128 | 1080 | 31 | 63 | 0.07 | 9.740195
HB | 662_bus | 672 | 672 | 128 | 1568 | 42 | 87 | 0.07 | 10.300206
HB | 685_bus | 688 | 688 | 128 | 1967 | 43 | 90 | 0.09 | 11.400228
HB | arc130 | 144 | 144 | 128 | 1282 | 9 | 30 | 0.17 | 13.740274
HB | bcsstk01 | 48 | 48 | 128 | 224 | 3 | 6 | 0.15 | 10.460209
HB | bcsstk02 | 80 | 80 | 128 | 2211 | 5 | 15 | 0.58 | 9.960199
HB | bcsstk03 | 112 | 112 | 128 | 376 | 7 | 13 | 0.11 | 7.520150
HB | bcsstk04 | 144 | 144 | 128 | 1890 | 9 | 32 | 0.23 | 9.360188
HB | bcsstk05 | 160 | 160 | 128 | 1288 | 10 | 26 | 0.19 | 12.240245
HB | bcsstk06 | 432 | 432 | 128 | 4140 | 27 | 83 | 0.19 | 12.100242
HB | bcsstk07 | 432 | 432 | 128 | 4140 | 27 | 83 | 0.19 | 12.240245
HB | bcsstk08 | 1088 | 1088 | 128 | 7017 | 68 | 238 | 0.12 | 28.600573
HB | bcsstk09 | 1088 | 1088 | 128 | 9760 | 68 | 196 | 0.19 | 16.200323
HB | bcsstk10 | 1088 | 1088 | 128 | 11578 | 68 | 175 | 0.26 | 16.160324
HB | bcsstk11 | 1488 | 1488 | 128 | 17857 | 93 | 281 | 0.25 | 25.120502
HB | bcsstk12 | 1488 | 1488 | 128 | 17857 | 93 | 281 | 0.25 | 25.160503
HB | bcsstk13 | 2016 | 2016 | 128 | 42943 | 126 | 678 | 0.25 | 71.621429
HB | bcsstk14 | 1808 | 1808 | 128 | 32630 | 113 | 468 | 0.27 | 34.800697
HB | bcsstk15 | 3952 | 3952 | 128 | 60882 | 247 | 1116 | 0.21 | 78.921577
HB | bcsstk16 | 4896 | 4896 | 128 | 147631 | 306 | 1607 | 0.36 | 98.801979
HB | bcsstk17 | 10976 | 10976 | 128 | 219812 | 686 | 2833 | 0.3 | 185.463715
HB | bcsstk18 | 11952 | 11952 | 128 | 80519 | 747 | 2253 | 0.14 | 164.543289
HB | bcsstk19 | 832 | 832 | 128 | 3835 | 52 | 111 | 0.13 | 12.580252
HB | bcsstk20 | 496 | 496 | 128 | 1810 | 31 | 60 | 0.12 | 9.600192
HB | bcsstk21 | 3600 | 3600 | 128 | 15100 | 225 | 655 | 0.09 | 43.820877
HB | bcsstk22 | 144 | 144 | 128 | 417 | 9 | 17 | 0.1 | 6.880137
HB | bcsstk23 | 3136 | 3136 | 128 | 24156 | 196 | 716 | 0.13 | 59.241184
HB | bcsstk24 | 3568 | 3568 | 128 | 81736 | 223 | 840 | 0.38 | 60.401207
HB | bcsstk25 | 15440 | 15440 | 128 | 133840 | 965 | 3256 | 0.16 | 202.324051
HB | bcsstk26 | 1936 | 1936 | 128 | 16129 | 121 | 316 | 0.2 | 25.220505
HB | bcsstk27 | 1232 | 1232 | 128 | 28675 | 77 | 285 | 0.39 | 25.300507
HB | bcsstm01 | 48 | 48 | 128 | 48 | 3 | 3 | 0.06 | 9.620193
HB | bcsstm02 | 80 | 80 | 128 | 66 | 5 | 5 | 0.05 | 5.700114
HB | bcsstm03 | 112 | 112 | 128 | 112 | 7 | 7 | 0.06 | 5.500110
HB | bcsstm04 | 144 | 144 | 128 | 132 | 9 | 9 | 0.06 | 6.520131
HB | bcsstm05 | 160 | 160 | 128 | 153 | 10 | 10 | 0.06 | 6.660133
HB | bcsstm06 | 432 | 432 | 128 | 420 | 27 | 27 | 0.06 | 6.940139
HB | bcsstm07 | 432 | 432 | 128 | 3836 | 27 | 77 | 0.19 | 13.060261
HB | bcsstm08 | 1088 | 1088 | 128 | 1074 | 68 | 68 | 0.06 | 8.700174
HB | bcsstm09 | 1088 | 1088 | 128 | 1083 | 68 | 68 | 0.06 | 8.820176
HB | bcsstm10 | 1088 | 1088 | 128 | 11589 | 68 | 174 | 0.26 | 16.140324
HB | bcsstm11 | 1488 | 1488 | 128 | 1473 | 93 | 93 | 0.06 | 10.260205
HB | bcsstm12 | 1488 | 1488 | 128 | 10566 | 93 | 235 | 0.18 | 21.120422
HB | bcsstm13 | 2016 | 2016 | 128 | 11973 | 126 | 275 | 0.17 | 44.800896
HB | bcsstm19 | 832 | 832 | 128 | 817 | 52 | 52 | 0.06 | 8.540171
HB | bcsstm20 | 496 | 496 | 128 | 485 | 31 | 31 | 0.06 | 7.100142
HB | bcsstm21 | 3600 | 3600 | 128 | 3600 | 225 | 225 | 0.06 | 18.880377
HB | bcsstm22 | 144 | 144 | 128 | 138 | 9 | 9 | 0.06 | 7.140143
HB | bcsstm23 | 3136 | 3136 | 128 | 3134 | 196 | 196 | 0.06 | 17.380348
HB | bcsstm24 | 3568 | 3568 | 128 | 3562 | 223 | 223 | 0.06 | 18.200363
HB | bcsstm25 | 15440 | 15440 | 128 | 15439 | 965 | 965 | 0.06 | 62.281246
HB | bcsstm26 | 1936 | 1936 | 128 | 1922 | 121 | 121 | 0.06 | 7.800156
HB | bcsstm27 | 1232 | 1232 | 128 | 28675 | 77 | 285 | 0.39 | 24.240484
HB | beacxc | 512 | 512 | 128 | 50409 | 32 | 516 | 0.38 | 78.661575
HB | beaflw | 512 | 512 | 128 | 53403 | 32 | 524 | 0.4 | 67.241348
HB | beause | 512 | 512 | 128 | 44551 | 32 | 435 | 0.4 | 83.941681
HB | bp_0 | 832 | 832 | 128 | 3276 | 52 | 130 | 0.1 | 31.360628
HB | bp_1000 | 832 | 832 | 128 | 4661 | 52 | 150 | 0.12 | 35.520710
HB | bp_1200 | 832 | 832 | 128 | 4726 | 52 | 149 | 0.12 | 35.520710
HB | bp_1400 | 832 | 832 | 128 | 4790 | 52 | 149 | 0.13 | 38.060760
HB | bp_1600 | 832 | 832 | 128 | 4841 | 52 | 151 | 0.13 | 36.640732
HB | bp_200 | 832 | 832 | 128 | 3802 | 52 | 135 | 0.11 | 33.140663
HB | bp_400 | 832 | 832 | 128 | 4028 | 52 | 138 | 0.11 | 32.820656
HB | bp_600 | 832 | 832 | 128 | 4172 | 52 | 141 | 0.12 | 35.380707
HB | bp_800 | 832 | 832 | 128 | 4534 | 52 | 151 | 0.12 | 35.280704
HB | fs_183_1 | 192 | 192 | 128 | 1069 | 12 | 36 | 0.12 | 11.840237
HB | fs_183_3 | 192 | 192 | 128 | 1069 | 12 | 36 | 0.12 | 12.180243
HB | fs_183_4 | 192 | 192 | 128 | 1069 | 12 | 36 | 0.12 | 12.020241
HB | fs_183_6 | 192 | 192 | 128 | 1069 | 12 | 36 | 0.12 | 11.880238
HB | fs_541_1 | 544 | 544 | 128 | 4285 | 34 | 116 | 0.14 | 20.380407
HB | fs_541_2 | 544 | 544 | 128 | 4285 | 34 | 116 | 0.14 | 20.420408
HB | fs_541_3 | 544 | 544 | 128 | 4285 | 34 | 116 | 0.14 | 20.640413
HB | fs_541_4 | 544 | 544 | 128 | 4285 | 34 | 116 | 0.14 | 20.680414
HB | fs_680_1 | 688 | 688 | 128 | 2646 | 43 | 86 | 0.12 | 10.200204
HB | fs_680_2 | 688 | 688 | 128 | 2646 | 43 | 86 | 0.12 | 9.660193
HB | fs_680_3 | 688 | 688 | 128 | 2646 | 43 | 86 | 0.12 | 9.920198
HB | fs_760_1 | 768 | 768 | 128 | 5976 | 48 | 175 | 0.13 | 15.620313
HB | fs_760_2 | 768 | 768 | 128 | 5976 | 48 | 175 | 0.13 | 15.960320
HB | fs_760_3 | 768 | 768 | 128 | 5976 | 48 | 175 | 0.13 | 15.920319
HB | gemat1 | 4944 | 10608 | 128 | 47369 | 309 | 1397 | 0.13 | 214.324280
HB | gemat11 | 4944 | 4944 | 128 | 33185 | 309 | 690 | 0.19 | 46.880939
HB | gemat12 | 4944 | 4944 | 128 | 33111 | 309 | 705 | 0.18 | 48.200966
HB | gr_30_30 | 912 | 912 | 128 | 4322 | 57 | 164 | 0.1 | 16.500330
HB | gre_1107 | 1120 | 1120 | 128 | 5664 | 70 | 265 | 0.08 | 20.360407
HB | gre_115 | 128 | 128 | 128 | 421 | 8 | 19 | 0.09 | 7.380147
HB | gre_185 | 192 | 192 | 128 | 1005 | 12 | 39 | 0.1 | 8.560171
HB | gre_216a | 224 | 224 | 128 | 876 | 14 | 39 | 0.09 | 8.820176
HB | gre_216b | 224 | 224 | 128 | 876 | 14 | 39 | 0.09 | 9.060182
HB | gre_343 | 352 | 352 | 128 | 1435 | 22 | 69 | 0.08 | 9.720195
HB | gre_512 | 512 | 512 | 128 | 2192 | 32 | 108 | 0.08 | 14.840297
HB | hor_131 | 448 | 448 | 128 | 4710 | 28 | 107 | 0.17 | 14.720294
HB | illc1033 | 1040 | 320 | 128 | 4732 | 65 | 82 | 0.23 | 12.640253
HB | illc1850 | 1856 | 720 | 128 | 8758 | 116 | 178 | 0.19 | 22.880457
HB | impcol_a | 208 | 208 | 128 | 572 | 13 | 26 | 0.09 | 7.620152
HB | impcol_b | 64 | 64 | 128 | 312 | 4 | 7 | 0.17 | 6.200124
HB | impcol_c | 144 | 144 | 128 | 411 | 9 | 20 | 0.08 | 8.100162
HB | impcol_d | 432 | 432 | 128 | 1339 | 27 | 65 | 0.08 | 11.740234
HB | impcol_e | 240 | 240 | 128 | 1308 | 15 | 35 | 0.15 | 8.780175
HB | jpwh_991 | 992 | 992 | 128 | 6027 | 62 | 228 | 0.1 | 21.380428
HB | lns_131 | 144 | 144 | 128 | 536 | 9 | 22 | 0.1 | 8.540171
HB | lns_3937 | 3952 | 3952 | 128 | 25407 | 247 | 1038 | 0.1 | 76.181526
HB | lns_511 | 512 | 512 | 128 | 2796 | 32 | 109 | 0.1 | 14.660294
HB | lnsp3937 | 3952 | 3952 | 128 | 25407 | 247 | 1035 | 0.1 | 77.501549
HB | lnsp_131 | 144 | 144 | 128 | 536 | 9 | 21 | 0.1 | 7.660153
HB | lnsp_511 | 512 | 512 | 128 | 2796 | 32 | 113 | 0.1 | 15.980320
HB | lund_a | 160 | 160 | 128 | 1298 | 10 | 25 | 0.2 | 7.920158
HB | lund_b | 160 | 160 | 128 | 1294 | 10 | 26 | 0.19 | 7.880157
HB | mahindas | 1264 | 1264 | 128 | 7682 | 79 | 205 | 0.15 | 28.820576
HB | mahindas_b | 1264 | 64 | 128 | 162 | 79 | 10 | 0.06 | 10.780215
HB | mbeacxc | 496 | 496 | 128 | 49920 | 31 | 512 | 0.38 | 79.221588
HB | mbeaflw | 496 | 496 | 128 | 49920 | 31 | 512 | 0.38 | 79.361588
HB | mbeause | 496 | 496 | 128 | 41063 | 31 | 422 | 0.38 | 82.801659
HB | mcca | 192 | 192 | 128 | 2659 | 12 | 38 | 0.27 | 11.860237
HB | mcfe | 768 | 768 | 128 | 24382 | 48 | 372 | 0.26 | 45.320908
HB | nnc1374 | 1376 | 1376 | 128 | 8606 | 86 | 288 | 0.12 | 21.880438
HB | nnc261 | 272 | 272 | 128 | 1500 | 17 | 50 | 0.12 | 9.240185
HB | nnc666 | 672 | 672 | 128 | 4044 | 42 | 134 | 0.12 | 14.020281
HB | nos1 | 240 | 240 | 128 | 627 | 15 | 28 | 0.09 | 7.900158
HB | nos2 | 960 | 960 | 128 | 2547 | 60 | 118 | 0.08 | 12.780255
HB | nos3 | 960 | 960 | 128 | 8402 | 60 | 176 | 0.19 | 16.600332
HB | nos4 | 112 | 112 | 128 | 347 | 7 | 14 | 0.1 | 7.680153
HB | nos5 | 480 | 480 | 128 | 2820 | 30 | 99 | 0.11 | 12.280246
HB | nos6 | 688 | 688 | 128 | 1965 | 43 | 89 | 0.09 | 11.040221
HB | nos7 | 736 | 736 | 128 | 2673 | 46 | 130 | 0.08 | 13.740274
HB | orani678 | 2544 | 2544 | 128 | 90158 | 159 | 935 | 0.38 | 190.223801
HB | orani678_b | 2544 | 96 | 128 | 297 | 159 | 19 | 0.06 | 18.680374
HB | orsirr_1 | 1040 | 1040 | 128 | 6858 | 65 | 274 | 0.1 | 23.340467
HB | orsirr_2 | 896 | 896 | 128 | 5970 | 56 | 234 | 0.1 | 21.120422
HB | orsreg_1 | 2208 | 2208 | 128 | 14133 | 138 | 659 | 0.08 | 50.441010
HB | plat1919 | 1920 | 1920 | 128 | 17159 | 120 | 416 | 0.16 | 28.440569
HB | plat362 | 368 | 368 | 128 | 3074 | 23 | 74 | 0.16 | 9.680194
HB | plsk1919 | 1920 | 1920 | 128 | 4831 | 120 | 216 | 0.09 | 28.980579
HB | plskz362 | 368 | 368 | 128 | 880 | 23 | 40 | 0.09 | 9.240185
HB | pores_1 | 32 | 32 | 128 | 180 | 2 | 4 | 0.18 | 10.360208
HB | pores_2 | 1232 | 1232 | 128 | 9613 | 77 | 241 | 0.16 | 21.120422
HB | pores_3 | 544 | 544 | 128 | 3474 | 34 | 75 | 0.18 | 9.840197
HB | psmigr_1 | 3152 | 3152 | 128 | 543162 | 197 | 10509 | 0.2 | 392.987854
HB | psmigr_2 | 3152 | 3152 | 128 | 540022 | 197 | 10401 | 0.2 | 352.427063
HB | psmigr_3 | 3152 | 3152 | 128 | 543162 | 197 | 10509 | 0.2 | 393.407867
HB | saylr1 | 240 | 240 | 128 | 1128 | 15 | 43 | 0.1 | 9.060182
HB | saylr3 | 1008 | 1008 | 128 | 2375 | 63 | 132 | 0.07 | 14.600292
HB | saylr4 | 3568 | 3568 | 128 | 12940 | 223 | 748 | 0.07 | 51.301025
HB | sherman1 | 1008 | 1008 | 128 | 2375 | 63 | 132 | 0.07 | 14.860297
HB | sherman2 | 1088 | 1088 | 128 | 23094 | 68 | 380 | 0.24 | 30.420609
HB | sherman3 | 5008 | 5008 | 128 | 20033 | 313 | 951 | 0.08 | 92.101845
HB | sherman4 | 1104 | 1104 | 128 | 3786 | 69 | 168 | 0.09 | 19.700394
HB | sherman5 | 3312 | 3312 | 128 | 20793 | 207 | 608 | 0.13 | 65.421310
HB | shl_0 | 672 | 672 | 128 | 1687 | 42 | 104 | 0.06 | 40.760815
HB | shl_200 | 672 | 672 | 128 | 1726 | 42 | 108 | 0.06 | 41.960838
HB | shl_400 | 672 | 672 | 128 | 1712 | 42 | 110 | 0.06 | 40.840816
HB | steam1 | 240 | 240 | 128 | 3762 | 15 | 59 | 0.25 | 11.460229
HB | steam2 | 608 | 608 | 128 | 13760 | 38 | 171 | 0.31 | 17.180344
HB | steam3 | 80 | 80 | 128 | 928 | 5 | 10 | 0.36 | 6.920138
HB | str_0 | 368 | 368 | 128 | 2454 | 23 | 53 | 0.18 | 9.900198
HB | str_200 | 368 | 368 | 128 | 3068 | 23 | 60 | 0.2 | 9.200184
HB | str_400 | 368 | 368 | 128 | 3157 | 23 | 60 | 0.21 | 9.780195
HB | str_600 | 368 | 368 | 128 | 3279 | 23 | 62 | 0.21 | 8.620173
HB | watt_1 | 1856 | 1856 | 128 | 11360 | 116 | 486 | 0.09 | 36.240726
HB | watt_2 | 1856 | 1856 | 128 | 11550 | 116 | 496 | 0.09 | 36.820736
HB | well1033 | 1040 | 320 | 128 | 4732 | 65 | 82 | 0.23 | 12.840257
HB | well1850 | 1856 | 720 | 128 | 8758 | 116 | 178 | 0.19 | 23.440470
HB | west0067 | 80 | 80 | 128 | 294 | 5 | 11 | 0.1 | 10.560211
HB | west0132 | 144 | 144 | 128 | 414 | 9 | 18 | 0.09 | 7.520150
HB | west0156 | 160 | 160 | 128 | 371 | 10 | 20 | 0.07 | 7.300146
HB | west0167 | 176 | 176 | 128 | 507 | 11 | 21 | 0.09 | 7.280146
HB | west0381 | 384 | 384 | 128 | 2157 | 24 | 79 | 0.11 | 26.140522
HB | west0479 | 480 | 480 | 128 | 1910 | 30 | 79 | 0.09 | 12.420248
HB | west0497 | 512 | 512 | 128 | 1727 | 32 | 76 | 0.09 | 11.940239
HB | west0655 | 656 | 656 | 128 | 2854 | 41 | 110 | 0.1 | 14.840297
HB | west0989 | 992 | 992 | 128 | 3537 | 62 | 157 | 0.09 | 17.760355
HB | west1505 | 1520 | 1520 | 128 | 5445 | 95 | 244 | 0.09 | 22.860456
HB | west2021 | 2032 | 2032 | 128 | 7353 | 127 | 324 | 0.09 | 31.120623
HB | wm1 | 208 | 288 | 128 | 2909 | 13 | 51 | 0.22 | 14.080281
HB | wm2 | 208 | 272 | 128 | 2942 | 13 | 53 | 0.22 | 14.740294
HB | wm3 | 208 | 272 | 128 | 2948 | 13 | 52 | 0.22 | 17.320347
HB | young3c | 848 | 848 | 128 | 3988 | 53 | 148 | 0.11 | 16.160324
HB | zenios | 2880 | 2880 | 128 | 15032 | 180 | 332 | 0.18 | 42.400848

[2026-04-30 12:45:26] ColDense Individual Sample Performance
================================================================
Format: Category | Sample_Name | M | K | N | NNZ | WindowNum | BlockNum | FillRate | Performance(us)
================================================================
JGD_Homology | D6-6 | 120576 | 23744 | 128 | 146880 | 7536 | 5195 | 0.11 | 313.686279
JGD_Homology | ch3-3-b1 | 32 | 16 | 128 | 36 | 2 | 2 | 0.07 | 9.280186
JGD_Homology | ch3-3-b2 | 16 | 32 | 128 | 18 | 1 | 2 | 0.04 | 10.180203
JGD_Homology | ch4-4-b1 | 80 | 16 | 128 | 144 | 5 | 5 | 0.11 | 5.480110
JGD_Homology | ch4-4-b2 | 96 | 80 | 128 | 288 | 6 | 12 | 0.09 | 6.240125
JGD_Homology | ch4-4-b3 | 32 | 96 | 128 | 96 | 2 | 6 | 0.06 | 12.420248
JGD_Homology | ch5-5-b1 | 208 | 32 | 128 | 400 | 13 | 14 | 0.11 | 6.560131
JGD_Homology | ch5-5-b2 | 608 | 208 | 128 | 1800 | 38 | 78 | 0.09 | 10.600212
JGD_Homology | ch5-5-b3 | 608 | 608 | 128 | 2400 | 38 | 113 | 0.08 | 12.180243
JGD_Homology | ch5-5-b4 | 128 | 608 | 128 | 600 | 8 | 38 | 0.06 | 9.820196
JGD_Homology | ch6-6-b1 | 464 | 48 | 128 | 900 | 29 | 50 | 0.07 | 18.920378
JGD_Homology | ch6-6-b2 | 2400 | 464 | 128 | 7200 | 150 | 325 | 0.09 | 26.460529
JGD_Homology | ch6-6-b3 | 5408 | 2400 | 128 | 21600 | 338 | 1013 | 0.08 | 62.581253
JGD_Homology | ch6-6-b4 | 4320 | 5408 | 128 | 21600 | 270 | 1080 | 0.08 | 67.341347
JGD_Homology | ch6-6-b5 | 720 | 4320 | 128 | 4320 | 45 | 270 | 0.06 | 20.020401
JGD_Homology | ch7-6-b1 | 640 | 48 | 128 | 1260 | 40 | 69 | 0.07 | 18.360367
JGD_Homology | ch7-6-b2 | 4208 | 640 | 128 | 12600 | 263 | 599 | 0.08 | 40.320805
JGD_Homology | ch7-6-b3 | 12608 | 4208 | 128 | 50400 | 788 | 2380 | 0.08 | 138.222763
JGD_Homology | ch7-6-b4 | 15120 | 12608 | 128 | 75600 | 945 | 3780 | 0.08 | 213.604279
JGD_Homology | ch7-6-b5 | 5040 | 15120 | 128 | 30240 | 315 | 1758 | 0.07 | 108.622169
JGD_Homology | ch7-7-b1 | 896 | 64 | 128 | 1764 | 56 | 99 | 0.07 | 27.900558
JGD_Homology | ch7-7-b2 | 7360 | 896 | 128 | 22050 | 460 | 1119 | 0.08 | 76.401527
JGD_Homology | ch7-7-b5 | 35280 | 52928 | 128 | 211680 | 2205 | 11025 | 0.07 | 292.325836
JGD_Homology | ch7-8-b1 | 1184 | 64 | 128 | 2352 | 74 | 129 | 0.07 | 32.580650
JGD_Homology | ch7-8-b2 | 11760 | 1184 | 128 | 35280 | 735 | 1867 | 0.07 | 119.302383
JGD_Homology | ch7-8-b3 | 58800 | 11760 | 128 | 235200 | 3675 | 11670 | 0.08 | 340.286804
JGD_Homology | ch7-8-b4 | 141120 | 58800 | 128 | 705600 | 8820 | 35385 | 0.08 | 938.798767
JGD_Homology | ch7-9-b1 | 1520 | 64 | 128 | 3024 | 95 | 145 | 0.08 | 17.500351
JGD_Homology | ch7-9-b2 | 17648 | 1520 | 128 | 52920 | 1103 | 2881 | 0.07 | 168.323364
JGD_Homology | ch7-9-b3 | 105840 | 17648 | 128 | 423360 | 6615 | 21842 | 0.08 | 633.472656
JGD_Homology | ch8-8-b1 | 1568 | 64 | 128 | 3136 | 98 | 151 | 0.08 | 21.940439
JGD_Homology | ch8-8-b2 | 18816 | 1568 | 128 | 56448 | 1176 | 3089 | 0.07 | 187.503754
JGD_Homology | ch8-8-b3 | 117600 | 18816 | 128 | 470400 | 7350 | 24421 | 0.08 | 705.774109
JGD_Homology | cis-n4c6-b1 | 224 | 32 | 128 | 420 | 14 | 21 | 0.08 | 9.460189
JGD_Homology | cis-n4c6-b13 | 6304 | 25616 | 128 | 88200 | 394 | 4954 | 0.07 | 284.185669
JGD_Homology | cis-n4c6-b14 | 928 | 6304 | 128 | 13800 | 58 | 777 | 0.07 | 59.861198
JGD_Homology | cis-n4c6-b15 | 64 | 928 | 128 | 960 | 4 | 60 | 0.06 | 24.100483
JGD_Homology | cis-n4c6-b2 | 1344 | 224 | 128 | 3990 | 84 | 178 | 0.09 | 16.460329
JGD_Homology | cis-n4c6-b3 | 5984 | 1344 | 128 | 23880 | 374 | 1126 | 0.08 | 74.541489
JGD_Homology | cis-n4c6-b4 | 20064 | 5984 | 128 | 100290 | 1254 | 4972 | 0.08 | 288.105774
JGD_Homology | klein-b1 | 32 | 16 | 128 | 60 | 2 | 2 | 0.12 | 9.480189
JGD_Homology | klein-b2 | 32 | 32 | 128 | 60 | 2 | 3 | 0.08 | 10.080201
JGD_Homology | lutz30-23-b6 | 1728 | 3008 | 128 | 12012 | 108 | 640 | 0.07 | 43.580872
JGD_Homology | mk10-b1 | 640 | 48 | 128 | 1260 | 40 | 70 | 0.07 | 18.200363
JGD_Homology | mk10-b2 | 3152 | 640 | 128 | 9450 | 197 | 451 | 0.08 | 19.040380
JGD_Homology | mk10-b3 | 4736 | 3152 | 128 | 18900 | 296 | 896 | 0.08 | 59.441189
JGD_Homology | mk10-b4 | 960 | 4736 | 128 | 4725 | 60 | 296 | 0.06 | 23.840477
JGD_Homology | mk11-b1 | 992 | 64 | 128 | 1980 | 62 | 107 | 0.07 | 21.220425
JGD_Homology | mk11-b2 | 6944 | 992 | 128 | 20790 | 434 | 1042 | 0.08 | 67.901360
JGD_Homology | mk11-b3 | 17328 | 6944 | 128 | 69300 | 1083 | 3289 | 0.08 | 186.283722
JGD_Homology | mk11-b4 | 10400 | 17328 | 128 | 51975 | 650 | 2770 | 0.07 | 165.903320
JGD_Homology | mk11-b4b | 9456 | 17328 | 128 | 47250 | 591 | 2529 | 0.07 | 152.203049
JGD_Homology | mk12-b1 | 1488 | 80 | 128 | 2970 | 93 | 159 | 0.07 | 31.100622
JGD_Homology | mk12-b2 | 13872 | 1488 | 128 | 41580 | 867 | 2227 | 0.07 | 135.222702
JGD_Homology | mk12-b3 | 51984 | 13872 | 128 | 207900 | 3249 | 10005 | 0.08 | 275.305511
JGD_Homology | mk12-b4 | 62384 | 51984 | 128 | 311850 | 3899 | 15641 | 0.08 | 421.028412
JGD_Homology | mk12-b5 | 10400 | 62384 | 128 | 62370 | 650 | 3899 | 0.06 | 219.904404
JGD_Homology | mk9-b1 | 384 | 48 | 128 | 756 | 24 | 36 | 0.08 | 11.300226
JGD_Homology | mk9-b2 | 1264 | 384 | 128 | 3780 | 79 | 177 | 0.08 | 16.080322
JGD_Homology | mk9-b3 | 960 | 1264 | 128 | 3780 | 60 | 192 | 0.08 | 17.620352
JGD_Homology | n2c6-b1 | 112 | 16 | 128 | 210 | 7 | 7 | 0.12 | 6.560131
JGD_Homology | n2c6-b10 | 32 | 320 | 128 | 330 | 2 | 20 | 0.06 | 21.140423
JGD_Homology | n2c6-b2 | 464 | 112 | 128 | 1365 | 29 | 58 | 0.09 | 9.460189
JGD_Homology | n2c6-b3 | 1376 | 464 | 128 | 5460 | 86 | 253 | 0.08 | 20.520411
JGD_Homology | n2c6-b4 | 3008 | 1376 | 128 | 15015 | 188 | 731 | 0.08 | 46.860939
JGD_Homology | n2c6-b5 | 4960 | 3008 | 128 | 29670 | 310 | 1480 | 0.08 | 88.241768
JGD_Homology | n2c6-b6 | 5728 | 4960 | 128 | 40005 | 358 | 2030 | 0.08 | 119.742393
JGD_Homology | n2c6-b7 | 4000 | 5728 | 128 | 31920 | 250 | 1645 | 0.08 | 101.922035
JGD_Homology | n2c6-b8 | 1472 | 4000 | 128 | 13230 | 92 | 702 | 0.07 | 46.360928
JGD_Homology | n2c6-b9 | 320 | 1472 | 128 | 3060 | 20 | 162 | 0.07 | 21.760435
JGD_Homology | n3c4-b1 | 16 | 16 | 128 | 30 | 1 | 1 | 0.12 | 9.700194
JGD_Homology | n3c4-b2 | 32 | 16 | 128 | 60 | 2 | 2 | 0.12 | 9.200184
JGD_Homology | n3c4-b3 | 16 | 32 | 128 | 60 | 1 | 2 | 0.12 | 10.340207
JGD_Homology | n3c4-b4 | 16 | 16 | 128 | 30 | 1 | 1 | 0.12 | 8.700174
JGD_Homology | n3c5-b1 | 48 | 16 | 128 | 90 | 3 | 3 | 0.12 | 9.720195
JGD_Homology | n3c5-b2 | 128 | 48 | 128 | 360 | 8 | 15 | 0.09 | 6.720134
JGD_Homology | n3c5-b3 | 224 | 128 | 128 | 840 | 14 | 37 | 0.09 | 8.940179
JGD_Homology | n3c5-b4 | 256 | 224 | 128 | 1260 | 16 | 57 | 0.09 | 9.300186
JGD_Homology | n3c5-b5 | 224 | 256 | 128 | 1260 | 14 | 55 | 0.09 | 10.200204
JGD_Homology | n3c5-b6 | 128 | 224 | 128 | 840 | 8 | 36 | 0.09 | 9.720195
JGD_Homology | n3c5-b7 | 32 | 128 | 128 | 240 | 2 | 11 | 0.09 | 14.700294
JGD_Homology | n3c6-b1 | 112 | 112 | 128 | 210 | 7 | 7 | 0.12 | 5.880117
JGD_Homology | n3c6-b10 | 688 | 2512 | 128 | 7425 | 43 | 387 | 0.07 | 30.000601
JGD_Homology | n3c6-b11 | 64 | 688 | 128 | 720 | 4 | 41 | 0.07 | 17.700354
JGD_Homology | n3c6-b2 | 464 | 112 | 128 | 1365 | 29 | 58 | 0.09 | 9.660193
JGD_Homology | n3c6-b3 | 1376 | 464 | 128 | 5460 | 86 | 253 | 0.08 | 20.220404
JGD_Homology | n3c6-b4 | 3008 | 1376 | 128 | 15015 | 188 | 731 | 0.08 | 46.180923
JGD_Homology | n3c6-b5 | 5008 | 3008 | 128 | 30030 | 313 | 1505 | 0.08 | 94.441887
JGD_Homology | n3c6-b6 | 6448 | 5008 | 128 | 45045 | 403 | 2278 | 0.08 | 135.382706
JGD_Homology | n3c6-b7 | 6448 | 6448 | 128 | 51480 | 403 | 2609 | 0.08 | 155.283112
JGD_Homology | n3c6-b8 | 4944 | 6448 | 128 | 44415 | 309 | 2247 | 0.08 | 132.882660
JGD_Homology | n3c6-b9 | 2512 | 4944 | 128 | 25110 | 157 | 1277 | 0.08 | 83.141663
JGD_Homology | n4c5-b1 | 112 | 16 | 128 | 210 | 7 | 7 | 0.12 | 6.480130
JGD_Homology | n4c5-b10 | 128 | 640 | 128 | 1320 | 8 | 67 | 0.08 | 14.820296
JGD_Homology | n4c5-b11 | 16 | 128 | 128 | 120 | 1 | 8 | 0.06 | 17.420349
JGD_Homology | n4c5-b2 | 464 | 112 | 128 | 1365 | 29 | 58 | 0.09 | 10.000200
JGD_Homology | n4c5-b3 | 1360 | 464 | 128 | 5400 | 85 | 250 | 0.08 | 20.980419
JGD_Homology | n4c5-b4 | 2864 | 1360 | 128 | 14260 | 179 | 704 | 0.08 | 46.100922
JGD_Homology | n4c5-b5 | 4352 | 2864 | 128 | 26040 | 272 | 1330 | 0.08 | 81.601631
JGD_Homology | n4c5-b6 | 4736 | 4352 | 128 | 33145 | 296 | 1740 | 0.07 | 104.042084
JGD_Homology | n4c5-b7 | 3648 | 4736 | 128 | 29080 | 228 | 1558 | 0.07 | 94.161880
JGD_Homology | n4c5-b8 | 1904 | 3648 | 128 | 17055 | 119 | 920 | 0.07 | 56.081123
JGD_Homology | n4c5-b9 | 640 | 1904 | 128 | 6300 | 40 | 345 | 0.07 | 27.460548
JGD_Homology | n4c6-b1 | 224 | 32 | 128 | 420 | 14 | 21 | 0.08 | 10.080201
JGD_Homology | n4c6-b12 | 25616 | 69248 | 128 | 332865 | 1601 | 18647 | 0.07 | 495.649902
JGD_Homology | n4c6-b13 | 6304 | 25616 | 128 | 88200 | 394 | 4954 | 0.07 | 283.885681
JGD_Homology | n4c6-b14 | 928 | 6304 | 128 | 13800 | 58 | 777 | 0.07 | 59.621193
JGD_Homology | n4c6-b15 | 64 | 928 | 128 | 960 | 4 | 60 | 0.06 | 23.620472
JGD_Homology | n4c6-b2 | 1344 | 224 | 128 | 3990 | 84 | 178 | 0.09 | 16.680334
JGD_Homology | n4c6-b3 | 5984 | 1344 | 128 | 23880 | 374 | 1126 | 0.08 | 74.021477
JGD_Homology | n4c6-b4 | 20064 | 5984 | 128 | 100290 | 1254 | 4972 | 0.08 | 286.445740
JGD_Homology | n4c6-b5 | 51824 | 20064 | 128 | 310878 | 3239 | 15990 | 0.08 | 426.628540
JGD_Homology | shar_te2-b1 | 17168 | 288 | 128 | 34320 | 1073 | 1993 | 0.07 | 125.602509

[2026-04-30 14:02:00] ColDense Individual Sample Performance
================================================================
Format: Category | Sample_Name | M | K | N | NNZ | WindowNum | BlockNum | FillRate | Performance(us)
================================================================
VDOL | dynamicSoaringProblem_1 | 656 | 656 | 128 | 2865 | 41 | 75 | 0.15 | 13.600272
VDOL | dynamicSoaringProblem_2 | 1600 | 1600 | 128 | 8241 | 100 | 208 | 0.15 | 18.100363
VDOL | dynamicSoaringProblem_3 | 2880 | 2880 | 128 | 16818 | 180 | 395 | 0.17 | 48.880978
VDOL | dynamicSoaringProblem_4 | 3200 | 3200 | 128 | 19155 | 200 | 448 | 0.17 | 55.421108
VDOL | dynamicSoaringProblem_5 | 3280 | 3280 | 128 | 19314 | 205 | 449 | 0.17 | 55.461109
VDOL | dynamicSoaringProblem_6 | 3440 | 3440 | 128 | 19335 | 215 | 463 | 0.16 | 62.421249
VDOL | dynamicSoaringProblem_7 | 3520 | 3520 | 128 | 19827 | 220 | 472 | 0.16 | 62.181244
VDOL | dynamicSoaringProblem_8 | 3552 | 3552 | 128 | 20064 | 222 | 478 | 0.16 | 62.661255
VDOL | freeFlyingRobot_1 | 800 | 800 | 128 | 2861 | 50 | 117 | 0.1 | 23.440470
VDOL | freeFlyingRobot_10 | 5232 | 5232 | 128 | 21604 | 327 | 732 | 0.12 | 179.143585
VDOL | freeFlyingRobot_11 | 5440 | 5440 | 128 | 21657 | 340 | 759 | 0.11 | 188.823776
VDOL | freeFlyingRobot_12 | 5584 | 5584 | 128 | 22642 | 349 | 772 | 0.11 | 184.943695
VDOL | freeFlyingRobot_13 | 5728 | 5728 | 128 | 23711 | 358 | 815 | 0.11 | 198.583969
VDOL | freeFlyingRobot_14 | 5968 | 5968 | 128 | 23435 | 373 | 823 | 0.11 | 194.643890
VDOL | freeFlyingRobot_15 | 6048 | 6048 | 128 | 23499 | 378 | 860 | 0.11 | 201.364029
VDOL | freeFlyingRobot_16 | 6080 | 6080 | 128 | 23825 | 380 | 852 | 0.11 | 200.264008
VDOL | freeFlyingRobot_2 | 1344 | 1344 | 128 | 6200 | 84 | 188 | 0.13 | 42.260845
VDOL | freeFlyingRobot_3 | 1728 | 1728 | 128 | 6975 | 108 | 240 | 0.11 | 58.861176
VDOL | freeFlyingRobot_4 | 2368 | 2368 | 128 | 9815 | 148 | 328 | 0.12 | 82.861656
VDOL | freeFlyingRobot_5 | 2880 | 2880 | 128 | 13153 | 180 | 400 | 0.13 | 98.681976
VDOL | freeFlyingRobot_6 | 3360 | 3360 | 128 | 14521 | 210 | 470 | 0.12 | 116.782333
VDOL | freeFlyingRobot_7 | 3920 | 3920 | 128 | 16697 | 245 | 539 | 0.12 | 133.342667
VDOL | freeFlyingRobot_8 | 4400 | 4400 | 128 | 18797 | 275 | 594 | 0.12 | 143.062866
VDOL | freeFlyingRobot_9 | 4784 | 4784 | 128 | 21414 | 299 | 663 | 0.13 | 169.923401
VDOL | goddardRocketProblem_1 | 832 | 832 | 128 | 4457 | 52 | 116 | 0.15 | 31.480629
VDOL | goddardRocketProblem_2 | 880 | 880 | 128 | 4746 | 55 | 127 | 0.15 | 21.740435
VDOL | hangGlider_1 | 368 | 368 | 128 | 1838 | 23 | 53 | 0.14 | 19.500389
VDOL | hangGlider_2 | 1648 | 1648 | 128 | 7834 | 103 | 226 | 0.14 | 76.441528
VDOL | hangGlider_3 | 10272 | 10272 | 128 | 49201 | 642 | 1416 | 0.14 | 289.145782
VDOL | hangGlider_4 | 15568 | 15568 | 128 | 79088 | 973 | 2227 | 0.14 | 556.251099
VDOL | hangGlider_5 | 16016 | 16016 | 128 | 82070 | 1001 | 2302 | 0.14 | 523.930481
VDOL | kineticBatchReactor_1 | 2064 | 2064 | 128 | 10836 | 129 | 312 | 0.14 | 70.741417
VDOL | kineticBatchReactor_2 | 4368 | 4368 | 128 | 23559 | 273 | 668 | 0.14 | 135.682709
VDOL | kineticBatchReactor_3 | 5088 | 5088 | 128 | 27937 | 318 | 818 | 0.13 | 196.903931
VDOL | kineticBatchReactor_4 | 7120 | 7120 | 128 | 39290 | 445 | 1129 | 0.14 | 178.283569
VDOL | kineticBatchReactor_5 | 7648 | 7648 | 128 | 42379 | 478 | 1244 | 0.13 | 243.984879
VDOL | kineticBatchReactor_6 | 7776 | 7776 | 128 | 43280 | 486 | 1266 | 0.13 | 196.443924
VDOL | kineticBatchReactor_7 | 7968 | 7968 | 128 | 44335 | 498 | 1228 | 0.14 | 184.543686
VDOL | kineticBatchReactor_8 | 8064 | 8064 | 128 | 44700 | 504 | 1282 | 0.14 | 194.063889
VDOL | kineticBatchReactor_9 | 8128 | 8128 | 128 | 45211 | 508 | 1293 | 0.14 | 220.284409
VDOL | lowThrust_1 | 592 | 592 | 128 | 3314 | 37 | 85 | 0.15 | 13.900278
VDOL | lowThrust_10 | 18272 | 18272 | 128 | 116074 | 1142 | 2460 | 0.18 | 271.165436
VDOL | lowThrust_11 | 18368 | 18368 | 128 | 117002 | 1148 | 2485 | 0.18 | 278.625580
VDOL | lowThrust_12 | 18464 | 18464 | 128 | 117423 | 1154 | 2477 | 0.19 | 274.345490
VDOL | lowThrust_13 | 18480 | 18480 | 128 | 117580 | 1155 | 2495 | 0.18 | 281.005615
VDOL | lowThrust_2 | 2320 | 2320 | 128 | 13772 | 145 | 281 | 0.19 | 34.220684
VDOL | lowThrust_3 | 7072 | 7072 | 128 | 42284 | 442 | 863 | 0.19 | 90.601814
VDOL | lowThrust_4 | 13568 | 13568 | 128 | 84240 | 848 | 1783 | 0.18 | 196.383926
VDOL | lowThrust_5 | 16272 | 16272 | 128 | 103701 | 1017 | 2205 | 0.18 | 249.064987
VDOL | lowThrust_6 | 16928 | 16928 | 128 | 108376 | 1058 | 2287 | 0.19 | 255.825119
VDOL | lowThrust_7 | 17392 | 17392 | 128 | 110607 | 1087 | 2331 | 0.19 | 259.025177
VDOL | lowThrust_8 | 17712 | 17712 | 128 | 113139 | 1107 | 2431 | 0.18 | 270.565399
VDOL | lowThrust_9 | 18048 | 18048 | 128 | 114806 | 1128 | 2441 | 0.18 | 272.305450
VDOL | orbitRaising_1 | 448 | 448 | 128 | 1573 | 28 | 45 | 0.14 | 8.760175
VDOL | orbitRaising_2 | 752 | 752 | 128 | 3464 | 47 | 87 | 0.16 | 14.240285
VDOL | orbitRaising_3 | 768 | 768 | 128 | 3256 | 48 | 90 | 0.14 | 13.180264
VDOL | orbitRaising_4 | 928 | 928 | 128 | 4144 | 58 | 108 | 0.15 | 15.980320
VDOL | reorientation_1 | 688 | 688 | 128 | 3861 | 43 | 117 | 0.13 | 36.360725
VDOL | reorientation_2 | 1552 | 1552 | 128 | 9408 | 97 | 273 | 0.13 | 89.521790
VDOL | reorientation_3 | 2528 | 2528 | 128 | 16821 | 158 | 470 | 0.14 | 144.202881
VDOL | reorientation_4 | 2720 | 2720 | 128 | 17613 | 170 | 501 | 0.14 | 162.863251
VDOL | reorientation_5 | 2912 | 2912 | 128 | 18648 | 182 | 530 | 0.14 | 184.723694
VDOL | reorientation_6 | 3008 | 3008 | 128 | 19554 | 188 | 560 | 0.14 | 172.743454
VDOL | reorientation_7 | 3072 | 3072 | 128 | 19473 | 192 | 557 | 0.14 | 93.461868
VDOL | reorientation_8 | 3120 | 3120 | 128 | 19860 | 195 | 571 | 0.14 | 165.523315
VDOL | spaceShuttleEntry_1 | 560 | 560 | 128 | 3605 | 35 | 95 | 0.15 | 27.940559
VDOL | spaceShuttleEntry_2 | 1440 | 1440 | 128 | 12444 | 90 | 302 | 0.16 | 65.441307
VDOL | spaceShuttleEntry_3 | 1840 | 1840 | 128 | 14902 | 115 | 366 | 0.16 | 84.081680
VDOL | spaceShuttleEntry_4 | 2464 | 2464 | 128 | 20534 | 154 | 504 | 0.16 | 110.302208
VDOL | spaceStation_1 | 112 | 112 | 128 | 489 | 7 | 12 | 0.16 | 7.460149
VDOL | spaceStation_10 | 1280 | 1280 | 128 | 9096 | 80 | 243 | 0.15 | 31.680634
VDOL | spaceStation_11 | 1376 | 1376 | 128 | 9860 | 86 | 268 | 0.14 | 41.600834
VDOL | spaceStation_12 | 1424 | 1424 | 128 | 10260 | 89 | 282 | 0.14 | 42.840858
VDOL | spaceStation_13 | 1632 | 1632 | 128 | 12279 | 102 | 315 | 0.15 | 42.700855
VDOL | spaceStation_14 | 1648 | 1648 | 128 | 12623 | 103 | 329 | 0.15 | 47.840958
VDOL | spaceStation_2 | 336 | 336 | 128 | 2999 | 21 | 78 | 0.15 | 18.580372
VDOL | spaceStation_3 | 480 | 480 | 128 | 2681 | 30 | 78 | 0.13 | 12.140243
VDOL | spaceStation_4 | 960 | 960 | 128 | 7079 | 60 | 182 | 0.15 | 24.100483
VDOL | spaceStation_5 | 1024 | 1024 | 128 | 7895 | 64 | 204 | 0.15 | 26.560532
VDOL | spaceStation_6 | 1120 | 1120 | 128 | 9109 | 70 | 238 | 0.15 | 38.420769
VDOL | spaceStation_7 | 1136 | 1136 | 128 | 9444 | 71 | 246 | 0.15 | 41.120823
VDOL | spaceStation_8 | 1168 | 1168 | 128 | 9797 | 73 | 253 | 0.15 | 43.480869
VDOL | spaceStation_9 | 1184 | 1184 | 128 | 10168 | 74 | 263 | 0.15 | 48.340965
VDOL | tumorAntiAngiogenesis_1 | 208 | 208 | 128 | 953 | 13 | 26 | 0.14 | 14.220284
VDOL | tumorAntiAngiogenesis_2 | 320 | 320 | 128 | 1441 | 20 | 43 | 0.13 | 18.600372
VDOL | tumorAntiAngiogenesis_3 | 416 | 416 | 128 | 2099 | 26 | 59 | 0.14 | 24.300486
VDOL | tumorAntiAngiogenesis_4 | 464 | 464 | 128 | 2433 | 29 | 73 | 0.13 | 29.040581
VDOL | tumorAntiAngiogenesis_5 | 464 | 464 | 128 | 2483 | 29 | 72 | 0.13 | 26.480530
VDOL | tumorAntiAngiogenesis_6 | 480 | 480 | 128 | 2537 | 30 | 74 | 0.13 | 26.440529
VDOL | tumorAntiAngiogenesis_7 | 480 | 480 | 128 | 2441 | 30 | 71 | 0.13 | 27.880558
VDOL | tumorAntiAngiogenesis_8 | 496 | 496 | 128 | 2535 | 31 | 71 | 0.14 | 28.340567

[2026-04-30 16:16:15] ColDense Individual Sample Performance
================================================================
Format: Category | Sample_Name | M | K | N | NNZ | WindowNum | BlockNum | FillRate | Performance(us)
================================================================
.ipynb_checkpoints | Reuters911_Day_53-checkpoint | 13344 | 13344 | 128 | 3465 | 834 | 301 | 0.04 | 70.041397
Pajek | Cities | 64 | 48 | 128 | 1342 | 4 | 11 | 0.48 | 7.280146
Pajek | EAT_RS | 23232 | 23232 | 128 | 325592 | 1452 | 18392 | 0.07 | 1214.444336
Pajek | EAT_SR | 23232 | 23232 | 128 | 325589 | 1452 | 18661 | 0.07 | 562.531250
Pajek | FA | 10624 | 10624 | 128 | 72176 | 664 | 3916 | 0.07 | 282.365662
Pajek | GD00_c | 640 | 640 | 128 | 1041 | 40 | 62 | 0.07 | 13.280266
Pajek | GD01_Acap | 960 | 960 | 128 | 645 | 60 | 38 | 0.07 | 14.080281
Pajek | GD01_a | 320 | 320 | 128 | 645 | 20 | 30 | 0.08 | 7.540151
Pajek | GD01_c | 48 | 48 | 128 | 135 | 3 | 3 | 0.18 | 10.020201
Pajek | GD96_a | 1104 | 1104 | 128 | 1677 | 69 | 115 | 0.06 | 14.080281
Pajek | GD97_b | 48 | 48 | 128 | 132 | 3 | 4 | 0.13 | 10.220204
Pajek | GD97_c | 464 | 464 | 128 | 460 | 29 | 44 | 0.04 | 30.440609
Pajek | GD99_b | 64 | 64 | 128 | 127 | 4 | 6 | 0.08 | 6.140123
Pajek | Journals | 128 | 128 | 128 | 6096 | 8 | 40 | 0.6 | 13.640273
Pajek | Lederberg | 8848 | 8848 | 128 | 41601 | 553 | 2167 | 0.07 | 270.965424
Pajek | ODLIS | 2912 | 2912 | 128 | 18246 | 182 | 687 | 0.1 | 50.061001
Pajek | Ragusa16 | 32 | 32 | 128 | 81 | 2 | 3 | 0.11 | 10.400208
Pajek | Ragusa18 | 32 | 32 | 128 | 64 | 2 | 2 | 0.12 | 9.620193
Pajek | Reuters911 | 13344 | 13344 | 128 | 148038 | 834 | 7280 | 0.08 | 747.094971
Pajek | Reuters911_Day_01 | 13344 | 13344 | 128 | 9318 | 834 | 697 | 0.05 | 114.562294
Pajek | Reuters911_Day_02 | 13344 | 13344 | 128 | 13919 | 834 | 987 | 0.06 | 127.562553
Pajek | Reuters911_Day_03 | 13344 | 13344 | 128 | 7451 | 834 | 556 | 0.05 | 101.182022
Pajek | Reuters911_Day_04 | 13344 | 13344 | 128 | 6232 | 834 | 510 | 0.05 | 98.601974
Pajek | Reuters911_Day_05 | 13344 | 13344 | 128 | 8834 | 834 | 680 | 0.05 | 105.722115
Pajek | Reuters911_Day_06 | 13344 | 13344 | 128 | 7945 | 834 | 634 | 0.05 | 114.622292
Pajek | Reuters911_Day_07 | 13344 | 13344 | 128 | 4602 | 834 | 369 | 0.05 | 112.122246
Pajek | Reuters911_Day_08 | 13344 | 13344 | 128 | 3437 | 834 | 288 | 0.05 | 98.801979
Pajek | Reuters911_Day_09 | 13344 | 13344 | 128 | 3884 | 834 | 325 | 0.05 | 104.702095
Pajek | Reuters911_Day_10 | 13344 | 13344 | 128 | 4705 | 834 | 403 | 0.05 | 100.742012
Pajek | Reuters911_Day_11 | 13344 | 13344 | 128 | 5120 | 834 | 422 | 0.05 | 103.042061
Pajek | Reuters911_Day_12 | 13344 | 13344 | 128 | 2775 | 834 | 246 | 0.04 | 86.541733
Pajek | Reuters911_Day_13 | 13344 | 13344 | 128 | 2132 | 834 | 194 | 0.04 | 77.521553
Pajek | Reuters911_Day_14 | 13344 | 13344 | 128 | 2695 | 834 | 254 | 0.04 | 98.021957
Pajek | Reuters911_Day_15 | 13344 | 13344 | 128 | 5754 | 834 | 474 | 0.05 | 106.942139
Pajek | Reuters911_Day_16 | 13344 | 13344 | 128 | 4893 | 834 | 405 | 0.05 | 104.662094
Pajek | Reuters911_Day_17 | 13344 | 13344 | 128 | 3687 | 834 | 338 | 0.04 | 100.642014
Pajek | Reuters911_Day_18 | 13344 | 13344 | 128 | 3405 | 834 | 308 | 0.04 | 103.342064
Pajek | Reuters911_Day_19 | 13344 | 13344 | 128 | 1885 | 834 | 189 | 0.04 | 74.141479
Pajek | Reuters911_Day_20 | 13344 | 13344 | 128 | 2983 | 834 | 278 | 0.04 | 101.742035
Pajek | Reuters911_Day_21 | 13344 | 13344 | 128 | 3543 | 834 | 310 | 0.04 | 104.482086
Pajek | Reuters911_Day_22 | 13344 | 13344 | 128 | 3566 | 834 | 311 | 0.04 | 89.261787
Pajek | Reuters911_Day_23 | 13344 | 13344 | 128 | 2993 | 834 | 261 | 0.04 | 86.781738
Pajek | Reuters911_Day_24 | 13344 | 13344 | 128 | 2396 | 834 | 215 | 0.04 | 90.241806
Pajek | Reuters911_Day_25 | 13344 | 13344 | 128 | 3822 | 834 | 316 | 0.05 | 100.762016
Pajek | Reuters911_Day_26 | 13344 | 13344 | 128 | 3125 | 834 | 275 | 0.04 | 102.082039
Pajek | Reuters911_Day_27 | 13344 | 13344 | 128 | 3610 | 834 | 306 | 0.05 | 103.342064
Pajek | Reuters911_Day_28 | 13344 | 13344 | 128 | 3816 | 834 | 316 | 0.05 | 98.461967
Pajek | Reuters911_Day_29 | 13344 | 13344 | 128 | 2841 | 834 | 258 | 0.04 | 99.701996
Pajek | Reuters911_Day_30 | 13344 | 13344 | 128 | 3076 | 834 | 270 | 0.04 | 98.101959
Pajek | Reuters911_Day_31 | 13344 | 13344 | 128 | 4025 | 834 | 348 | 0.05 | 85.601715
Pajek | Reuters911_Day_32 | 13344 | 13344 | 128 | 3124 | 834 | 262 | 0.05 | 104.362083
Pajek | Reuters911_Day_33 | 13344 | 13344 | 128 | 3032 | 834 | 253 | 0.05 | 76.901535
Pajek | Reuters911_Day_34 | 13344 | 13344 | 128 | 3068 | 834 | 285 | 0.04 | 108.222168
Pajek | Reuters911_Day_35 | 13344 | 13344 | 128 | 3548 | 834 | 292 | 0.05 | 93.541870
Pajek | Reuters911_Day_36 | 13344 | 13344 | 128 | 3822 | 834 | 349 | 0.04 | 103.302063
Pajek | Reuters911_Day_37 | 13344 | 13344 | 128 | 3675 | 834 | 318 | 0.05 | 107.162140
Pajek | Reuters911_Day_38 | 13344 | 13344 | 128 | 2941 | 834 | 258 | 0.04 | 72.921455
Pajek | Reuters911_Day_39 | 13344 | 13344 | 128 | 3568 | 834 | 324 | 0.04 | 101.342026
Pajek | Reuters911_Day_40 | 13344 | 13344 | 128 | 3133 | 834 | 253 | 0.05 | 102.082039
Pajek | Reuters911_Day_41 | 13344 | 13344 | 128 | 2774 | 834 | 244 | 0.04 | 101.762032
Pajek | Reuters911_Day_42 | 13344 | 13344 | 128 | 2243 | 834 | 204 | 0.04 | 83.741676
Pajek | Reuters911_Day_43 | 13344 | 13344 | 128 | 2374 | 834 | 200 | 0.05 | 82.501648
Pajek | Reuters911_Day_44 | 13344 | 13344 | 128 | 2935 | 834 | 255 | 0.04 | 94.481888
Pajek | Reuters911_Day_45 | 13344 | 13344 | 128 | 2579 | 834 | 234 | 0.04 | 53.221066
Pajek | Reuters911_Day_46 | 13344 | 13344 | 128 | 2487 | 834 | 223 | 0.04 | 79.861595
Pajek | Reuters911_Day_47 | 13344 | 13344 | 128 | 3200 | 834 | 263 | 0.05 | 85.081703
Pajek | Reuters911_Day_48 | 13344 | 13344 | 128 | 2919 | 834 | 242 | 0.05 | 103.422066
Pajek | Reuters911_Day_49 | 13344 | 13344 | 128 | 3135 | 834 | 262 | 0.05 | 94.261887
Pajek | Reuters911_Day_50 | 13344 | 13344 | 128 | 3182 | 834 | 287 | 0.04 | 82.121643
Pajek | Reuters911_Day_51 | 13344 | 13344 | 128 | 2889 | 834 | 267 | 0.04 | 78.241562
Pajek | Reuters911_Day_52 | 13344 | 13344 | 128 | 3523 | 834 | 299 | 0.05 | 100.822014
Pajek | Reuters911_Day_53 | 13344 | 13344 | 128 | 3465 | 834 | 301 | 0.04 | 69.841400
Pajek | Reuters911_Day_54 | 13344 | 13344 | 128 | 3390 | 834 | 277 | 0.05 | 104.482086
Pajek | Reuters911_Day_55 | 13344 | 13344 | 128 | 2652 | 834 | 232 | 0.04 | 66.781334
Pajek | Reuters911_Day_56 | 13344 | 13344 | 128 | 3988 | 834 | 354 | 0.04 | 102.242043
Pajek | Reuters911_Day_57 | 13344 | 13344 | 128 | 1889 | 834 | 179 | 0.04 | 62.381248
Pajek | Reuters911_Day_58 | 13344 | 13344 | 128 | 2181 | 834 | 197 | 0.04 | 54.881096
Pajek | Reuters911_Day_59 | 13344 | 13344 | 128 | 3095 | 834 | 271 | 0.04 | 103.282066
Pajek | Reuters911_Day_60 | 13344 | 13344 | 128 | 2883 | 834 | 279 | 0.04 | 94.101883
Pajek | Reuters911_Day_61 | 13344 | 13344 | 128 | 2576 | 834 | 243 | 0.04 | 81.901642
Pajek | Reuters911_Day_62 | 13344 | 13344 | 128 | 1997 | 834 | 178 | 0.04 | 79.641594
Pajek | Reuters911_Day_63 | 13344 | 13344 | 128 | 1955 | 834 | 193 | 0.04 | 55.781116
Pajek | Reuters911_Day_64 | 13344 | 13344 | 128 | 2350 | 834 | 218 | 0.04 | 84.721695
Pajek | Reuters911_Day_65 | 13344 | 13344 | 128 | 2132 | 834 | 205 | 0.04 | 71.681435
Pajek | Reuters911_Day_66 | 13344 | 13344 | 128 | 2274 | 834 | 211 | 0.04 | 84.741692
Pajek | Sandi_authors | 96 | 96 | 128 | 124 | 6 | 8 | 0.06 | 5.940119
Pajek | SciMet | 3088 | 3088 | 128 | 10413 | 193 | 557 | 0.07 | 74.521492
Pajek | SmaGri | 1072 | 1072 | 128 | 4919 | 67 | 236 | 0.08 | 54.241085
Pajek | SmallW | 400 | 400 | 128 | 994 | 25 | 42 | 0.09 | 25.540510
Pajek | Stranke94 | 16 | 16 | 128 | 45 | 1 | 1 | 0.18 | 9.240185
Pajek | USAir97 | 336 | 336 | 128 | 2126 | 21 | 57 | 0.15 | 15.240305
Pajek | Wordnet3 | 82672 | 82672 | 128 | 132964 | 5167 | 6515 | 0.08 | 338.146759
Pajek | WorldCities | 320 | 112 | 128 | 7518 | 20 | 91 | 0.32 | 13.600272
Pajek | Zewail | 6752 | 6752 | 128 | 54233 | 422 | 2194 | 0.1 | 249.124985
Pajek | foldoc | 13360 | 13360 | 128 | 120238 | 835 | 3666 | 0.13 | 262.205231
Pajek | football | 48 | 48 | 128 | 118 | 3 | 3 | 0.15 | 10.260205
Pajek | geom | 7344 | 7344 | 128 | 11898 | 459 | 655 | 0.07 | 77.701553
Pajek | internet | 124656 | 124656 | 128 | 207214 | 7791 | 12887 | 0.06 | 519.610413

[2026-04-30 18:19:18] ColDense Individual Sample Performance
================================================================
Format: Category | Sample_Name | M | K | N | NNZ | WindowNum | BlockNum | FillRate | Performance(us)
================================================================
[2026-04-30 18:23:52] ColDense Individual Sample Performance
================================================================
Format: Category | Sample_Name | M | K | N | NNZ | WindowNum | BlockNum | FillRate | Performance(us)
================================================================
[2026-05-01 06:18:44] ColDense Individual Sample Performance
================================================================
Format: Category | Sample_Name | M | K | N | NNZ | WindowNum | BlockNum | FillRate | Performance(us)
================================================================
BigData | thermomech_TC | 102160 | 102160 | 128 | 406858 | 6385 | 15310 | 0.1 | 422.268433
BigData | thermomech_TK | 102160 | 102160 | 128 | 406858 | 6385 | 15310 | 0.1 | 423.248474
BigData | kron_g500-logn17 | 131072 | 131072 | 128 | 5114375 | 8192 | 263954 | 0.08 | 17144.023438
BigData | GL7d14 | 171376 | 47280 | 128 | 1831183 | 10711 | 117096 | 0.06 | 3779.715576
BigData | GL7d23 | 105056 | 349456 | 128 | 2695430 | 6566 | 171045 | 0.06 | 12426.508789
BigData | m133-b3 | 200208 | 200208 | 128 | 800800 | 12513 | 44037 | 0.07 | 1215.544312
BigData | mk13-b5 | 135136 | 270272 | 128 | 810810 | 8446 | 44403 | 0.07 | 1180.823608
BigData | n4c6-b7 | 163216 | 104128 | 128 | 1305720 | 10201 | 69897 | 0.07 | 1854.357056
BigData | n4c6-b8 | 198896 | 163216 | 128 | 1790055 | 12431 | 97119 | 0.07 | 2559.991211
BigData | n4c6-b9 | 186560 | 198896 | 128 | 1865580 | 11660 | 102347 | 0.07 | 2702.674316
BigData | n4c6-b10 | 132416 | 186560 | 128 | 1456422 | 8276 | 80650 | 0.07 | 2123.362549
BigData | neos1 | 131584 | 133488 | 128 | 599590 | 8224 | 27536 | 0.09 | 812.796265
BigData | neos2 | 132576 | 134128 | 128 | 685087 | 8286 | 26397 | 0.1 | 820.756409
BigData | torso1 | 116160 | 116160 | 128 | 8516500 | 7260 | 61384 | 0.54 | 19994.000000
BigData | torso2 | 115968 | 115968 | 128 | 1033473 | 7248 | 28644 | 0.14 | 768.575378
BigData | crashbasis | 160000 | 160000 | 128 | 1750416 | 10000 | 31080 | 0.22 | 831.916626
BigData | majorbasis | 160000 | 160000 | 128 | 1750416 | 10000 | 31080 | 0.22 | 832.936646
BigData | soc-sign-epinions | 131840 | 131840 | 128 | 841372 | 8240 | 43037 | 0.08 | 5861.517578
BigData | sx-superuser_A2Q | 194096 | 194096 | 128 | 403578 | 12131 | 28382 | 0.06 | 2952.099121
BigData | sx-superuser_C2A | 194096 | 194096 | 128 | 289487 | 12131 | 21383 | 0.05 | 2207.384033
BigData | sx-superuser_C2Q | 194096 | 194096 | 128 | 291030 | 12131 | 24908 | 0.05 | 1377.247559
BigData | sx-superuser | 194096 | 194096 | 128 | 924886 | 12131 | 56740 | 0.06 | 5389.147949


[2026-05-01 15:47:37] ColDense Individual Sample Performance
================================================================
Format: Category | Sample_Name | M | K | N | NNZ | WindowNum | BlockNum | FillRate | Performance(us)
================================================================
HB | bcsstk28 | 4416 | 4416 | 128 | 111717 | 276 | 1080 | 0.4 | 71.161423
Pajek | patents_main | 240560 | 240560 | 128 | 560943 | 15035 | 28802 | 0.08 | 1166.863281

[2026-05-01 18:37:25] ColDense Individual Sample Performance
================================================================
Format: Category | Sample_Name | M | K | N | NNZ | WindowNum | BlockNum | FillRate | Performance(us)
================================================================
BigData | kron_g500-logn18 | 262144 | 262144 | 128 | 10583222 | 16384 | 573090 | 0.07 | 36208.062500
BigData | sgpf5y6 | 246080 | 312544 | 128 | 831976 | 15380 | 49286 | 0.07 | 4316.306641

[2026-05-02 07:03:01] ColDense Individual Sample Performance
================================================================
Format: Category | Sample_Name | M | K | N | NNZ | WindowNum | BlockNum | FillRate | Performance(us)
================================================================
Bai | bwm2000 | 2000 | 2000 | 128 | 7996 | 125 | 344 | 0.09 | 25.760515
Bai | olm2000 | 2000 | 2000 | 128 | 7996 | 125 | 312 | 0.1 | 27.860558
Bai | olm5000 | 5008 | 5008 | 128 | 19996 | 313 | 780 | 0.1 | 58.541172

