0
1
2
4
14
15
16
17
18
20
24
27
28
35
36
45
47
49
50
57
62
63
64
71
75
77
80
81
86
87
90
92
99
101
115
117
133
142
143
146
151
155
159
161
166
167
172
176
187
189
208
209
210
211
212
215
216
219
221
227
229
238
252
253
255
258
268
273
280
281
306
307
308
309
310
311
312
313
314
315
320
321
322
323
324
325
327
328
329
330
331
332
333
334
335
338
339
340
341
342
343
344
345
346
347
348
349
350
351
352
353
354
355
356
358
361
364
370
373
374
375
382
385
387
388
398
400
401
405
409
415
418
420
425
426
430
432
433
434
435
437
440
441
442
446
454
455
456
459
464
465
466
472
474
478
481
486
490
502
503
505
508
511
512
513
514
516
518
519
520
521
522
526
527
528
529
530
531
533
534
535
537
538
539
540
542
545
546
547
548
549
550
551
554
555
556
563
564
565
566
567
569
570
572
573
574
576
577
578
579
580
582
584
586
587
588
589
590
592
593
594
595
597
600
601
603
604
605
606
608
609
610
611
613
614
615
618
621
622
625
626
627
628
630
631
634
638
642
646
647
648
649
650
651
652
654
660
661
663
665
668
681
694
697
706
711
712
713
714
715
716
717
724
725
747
752
754
756
757
759
766
767
771
772
775
776
778
783
791
794
795
796
797
798
803
804
805
806
807
810
811
818
819
820
821
821
821
821
821
821
821
821
821
821
821
821
821
821
821
821
1
2
15
17
24
63
67
90
117
133
143
151
152
155
176
193
210
216
219
255
273
280
281
306
307
308
309
311
312
329
331
344
346
347
348
349
351
353
354
355
356
364
398
409
418
430
440
459
464
474
486
490
508
511
513
514
516
519
522
526
528
529
530
531
534
535
537
538
540
542
545
546
547
548
549
551
554
555
564
565
566
569
570
574
576
577
578
579
580
588
589
590
592
593
594
595
597
600
603
604
606
608
609
610
611
613
614
618
621
622
626
628
638
641
642
645
663
664
684
752
766
767
776
778
791
794
795
796
797
798
819
820
820
820
820
820
820
820
820
820
820
820
820
820
5
12
16
18
31
35
36
49
79
81
115
142
187
258
314
325
339
343
352
362
365
366
391
393
395
399
400
420
433
434
440
442
446
525
544
556
573
582
601
630
634
650
651
706
803
818
818
818
35
36
45
49
80
81
115
161
167
177
223
229
310
343
352
361
368
373
374
378
379
380
381
382
391
393
397
399
400
401
420
433
435
442
524
531
582
601
634
650
651
652
654
660
693
807
811
818
5
12
18
20
31
33
35
36
45
49
80
115
161
167
177
223
229
258
268
310
343
345
350
352
358
360
361
371
373
374
376
380
381
382
385
386
388
390
394
398
399
400
401
402
420
430
434
435
515
544
556
582
601
650
651
652
654
660
693
706
807
811
818
818
6
7
16
35
36
38
45
49
76
115
161
167
177
187
223
258
297
343
352
362
365
366
368
373
374
378
379
380
381
389
390
391
392
393
397
399
400
420
482
515
524
525
573
582
584
601
606
615
650
652
654
807
818
818
818
818
818
818
818
818
818
818
818
818
5
8
11
12
18
20
23
36
80
115
129
258
268
310
343
352
358
360
361
370
382
385
386
401
402
418
420
422
434
440
468
472
544
582
660
818
818
818
818
818
818
818
818
818
818
818
818
818
5
12
26
30
31
32
34
37
39
80
297
362
368
376
385
386
388
389
401
430
434
524
544
660
660
660
660
660
660
660
660
660
9
40
41
44
46
99
147
161
177
179
193
223
297
317
360
362
365
366
368
373
378
379
380
381
389
392
397
399
402
430
440
515
524
525
531
584
615
646
654
664
684
741
799
799
799
799
799
799
4
9
21
24
60
65
86
100
101
145
147
158
159
175
179
193
317
322
334
337
341
364
404
405
408
412
455
456
497
512
591
605
620
643
655
656
659
664
665
666
679
684
735
741
751
762
799
808
810
810
810
810
810
810
810
810
810
810
810
810
810
810
810
810
4
9
13
22
51
60
65
82
83
96
100
145
147
179
193
237
300
302
317
318
319
404
411
412
458
460
497
509
532
552
591
605
620
639
656
664
667
671
672
675
676
677
678
679
683
684
687
735
741
762
768
799
808
812
812
812
812
812
812
812
812
812
812
812
4
50
60
65
87
96
101
106
113
193
305
317
367
455
456
497
512
575
591
605
627
637
644
664
669
682
684
686
687
690
694
696
700
735
809
810
812
812
812
812
812
812
812
812
812
812
812
812
4
9
13
21
50
60
62
63
65
86
87
96
101
147
159
179
193
300
305
317
318
337
404
410
455
456
497
512
514
528
529
530
538
540
542
547
591
599
605
627
643
644
646
656
659
663
664
665
666
667
671
672
684
687
694
697
735
741
751
795
796
799
800
808
810
812
819
820
820
820
820
820
820
820
820
820
820
820
820
820
4
22
51
82
83
84
96
101
106
237
255
300
302
319
367
411
412
460
509
512
545
551
552
565
570
575
588
589
590
592
593
594
599
600
605
608
610
616
620
639
646
675
676
677
678
679
682
683
686
687
690
696
698
699
718
768
812
812
812
812
812
812
812
812
4
9
52
53
55
56
58
60
62
65
85
86
87
96
100
101
113
147
152
159
179
193
270
317
329
337
356
372
404
455
458
497
512
532
545
591
594
605
616
627
637
641
664
665
669
671
672
684
687
694
697
700
735
741
751
762
799
800
810
810
810
810
810
810
13
21
22
50
62
64
66
69
70
72
74
86
87
159
262
305
318
319
337
367
410
411
412
460
509
551
565
575
585
627
663
665
666
675
676
677
678
683
694
696
697
699
718
751
751
751
751
751
4
51
78
82
83
84
88
96
101
106
237
302
319
367
411
460
509
512
532
545
552
565
575
594
599
605
616
639
640
674
682
686
687
688
690
691
698
699
718
762
768
812
812
812
812
812
812
812
9
60
63
65
91
93
94
95
97
100
102
113
117
147
152
179
193
317
404
458
491
497
531
532
545
591
593
594
610
616
641
655
664
684
700
735
741
762
796
799
799
799
799
799
799
799
799
799
14
92
103
253
327
416
417
418
421
425
426
472
481
527
534
535
540
569
595
625
629
631
701
702
703
804
804
804
804
804
804
804
10
14
48
54
73
81
92
117
121
127
133
140
151
253
269
421
424
425
426
428
429
433
481
527
629
630
634
662
701
702
704
705
706
707
709
804
804
804
804
804
804
804
804
804
804
804
804
804
10
14
16
48
54
73
92
104
105
120
121
127
140
187
215
253
269
418
424
425
426
427
442
472
481
556
573
579
629
653
662
701
702
704
705
708
709
709
709
709
709
709
709
709
709
709
709
709
14
54
92
107
108
109
110
111
112
114
116
118
119
121
253
418
425
426
428
429
472
481
527
629
701
702
704
705
804
804
804
804
10
16
48
59
73
98
117
123
125
126
127
128
130
132
133
134
135
151
172
215
269
328
384
418
424
444
476
488
596
623
632
648
707
708
722
738
738
738
738
738
738
738
738
738
738
738
738
738
28
47
57
59
75
98
135
146
189
315
316
323
332
335
342
364
375
415
432
436
444
465
466
476
478
488
496
521
550
563
567
572
596
621
623
632
710
711
712
713
714
715
716
717
722
731
738
754
778
778
778
778
778
778
778
778
778
778
778
778
778
778
778
778
19
24
25
57
59
98
124
135
146
154
157
171
206
260
359
375
387
413
438
444
448
450
453
463
465
473
476
479
488
492
493
496
583
596
623
624
632
635
657
673
685
719
722
731
738
817
817
817
19
28
43
59
89
98
124
135
326
363
369
383
438
444
451
475
476
477
480
483
488
494
543
563
571
574
596
623
632
635
689
695
722
738
763
782
782
782
782
782
782
782
782
782
782
782
782
782
25
27
28
47
75
77
98
124
162
260
273
344
346
375
406
419
444
465
470
477
487
489
492
493
494
495
513
514
516
563
567
571
628
632
636
657
711
712
713
714
715
716
717
721
722
738
763
782
794
795
797
797
797
797
797
797
797
797
797
797
797
797
797
797
17
19
43
47
57
75
77
89
90
146
151
154
157
206
210
219
316
331
347
348
349
353
359
363
369
383
387
413
415
432
438
448
450
451
457
459
462
463
464
466
470
474
478
484
496
519
522
538
543
546
549
550
566
570
572
577
580
624
635
642
673
689
695
719
731
754
763
767
817
817
817
817
817
817
817
817
817
817
817
817
19
24
25
43
47
57
75
136
137
138
139
146
162
171
176
189
255
260
311
326
354
355
364
375
419
432
465
466
467
475
477
479
480
483
484
487
489
492
495
498
499
500
550
588
590
597
603
604
608
609
612
614
618
632
635
636
638
685
712
715
716
717
798
798
27
28
43
47
68
75
77
98
124
141
144
148
149
206
359
369
375
383
403
413
441
465
477
521
563
567
624
628
632
673
689
711
712
713
714
717
721
722
738
763
782
797
797
797
797
797
797
797
43
89
90
151
154
156
157
163
164
165
168
169
206
219
359
363
369
383
387
413
415
450
451
457
464
470
474
478
484
522
543
572
624
642
673
689
692
695
719
754
763
767
817
817
817
817
817
817
19
24
25
27
28
43
47
57
59
75
98
124
135
143
146
151
155
162
170
171
173
174
176
178
180
181
182
206
219
255
260
281
326
357
359
364
369
375
383
387
413
415
430
439
444
448
463
465
466
467
474
476
477
478
480
483
484
487
488
492
493
494
495
496
498
521
522
543
546
550
554
563
567
570
572
574
596
603
604
609
612
619
621
623
624
628
632
635
638
657
673
685
689
712
714
715
716
717
720
721
722
738
754
763
767
776
778
782
797
798
798
798
25
28
43
47
57
59
75
98
135
146
162
171
176
183
184
185
186
188
189
191
192
194
206
260
326
357
359
369
375
406
413
419
443
444
453
465
466
473
475
476
479
480
483
484
487
488
489
492
493
494
495
498
499
500
521
550
563
596
603
609
614
623
624
632
636
638
647
657
673
685
689
720
722
738
763
763
763
763
763
763
71
195
196
212
213
214
221
227
240
320
324
333
443
449
452
501
502
503
504
533
723
724
726
727
728
734
747
749
759
761
805
814
61
71
160
207
213
214
218
220
221
224
226
228
231
233
235
240
296
336
423
443
445
449
471
541
560
598
728
729
730
732
733
734
736
737
739
742
749
752
755
761
764
765
781
802
814
814
814
814
71
213
221
232
240
242
396
449
728
734
740
742
743
744
745
746
748
749
750
752
756
758
759
761
769
801
802
813
814
814
814
814
71
198
208
211
212
213
214
221
222
225
227
240
243
273
407
443
449
461
516
518
519
523
533
541
561
628
723
724
725
727
728
734
740
742
746
749
756
757
758
759
760
761
765
767
778
801
802
814
17
63
133
199
207
210
216
218
220
222
225
226
228
232
233
235
243
329
331
336
396
445
452
459
461
471
506
511
528
534
560
561
564
569
578
581
589
613
647
729
730
732
733
736
737
739
743
744
748
750
752
755
764
769
781
781
781
781
781
781
781
781
781
781
71
160
200
201
202
203
204
205
208
211
212
213
214
221
224
227
231
236
240
242
296
407
423
443
449
486
505
518
523
533
545
595
598
603
617
647
724
725
728
734
740
742
745
746
749
757
758
759
761
801
802
813
814
814
814
814
814
814
814
814
814
814
814
814
211
212
216
217
218
220
222
225
226
227
228
233
243
445
461
506
560
561
564
581
729
733
736
757
781
781
781
781
781
781
781
781
160
207
224
225
226
228
230
231
232
234
239
241
242
296
329
396
423
471
506
558
581
598
613
617
729
732
737
739
743
744
745
748
750
752
753
755
769
813
813
813
813
813
813
813
813
813
813
813
3
29
155
160
166
190
209
224
231
238
242
252
264
274
279
280
286
296
304
321
330
338
340
377
418
423
431
447
454
507
517
535
536
598
602
607
617
622
649
658
668
680
745
770
771
772
773
774
775
776
806
813
815
816
816
816
816
816
816
816
816
816
816
816
3
29
122
131
150
153
155
190
197
251
257
263
264
280
282
283
284
285
304
377
485
517
553
557
559
668
670
680
773
774
775
776
779
784
785
786
789
790
815
816
816
816
816
816
816
816
816
816
2
3
29
131
143
153
155
166
190
197
209
238
244
245
252
257
263
264
279
283
284
285
286
304
377
398
409
437
447
454
485
508
510
517
526
529
536
537
546
559
568
579
586
602
607
622
633
658
661
668
670
680
770
771
772
775
776
779
787
788
791
815
816
816
2
3
29
42
122
143
150
166
190
209
238
246
247
248
249
250
251
252
264
271
274
282
304
377
437
454
490
507
508
510
517
520
526
535
553
557
604
622
633
661
668
680
771
772
775
780
784
785
786
788
789
790
791
792
815
815
815
815
815
815
815
815
815
815
29
42
122
150
153
197
256
257
259
261
263
265
266
267
279
282
377
398
409
414
447
469
553
559
568
670
777
779
784
785
786
789
792
792
792
792
792
792
792
792
792
792
792
792
792
792
792
792
29
42
153
155
197
238
251
257
263
271
272
274
275
276
277
278
279
377
437
447
454
508
510
526
548
557
559
611
626
670
776
779
780
788
791
792
792
792
792
792
792
792
792
792
792
792
792
792
2
155
166
209
280
283
284
285
286
287
520
530
554
562
586
661
668
771
772
775
776
783
787
787
787
787
787
787
787
787
787
787
60
155
288
289
290
291
351
409
452
496
497
513
555
562
565
574
592
609
614
638
642
655
659
730
731
741
776
783
794
819
819
819
215
219
280
281
292
293
294
295
440
446
472
490
511
537
539
576
584
586
587
597
606
611
615
626
648
649
681
766
820
820
820
820
2
15
99
172
176
254
298
299
314
315
320
321
322
323
324
432
474
486
490
508
526
539
547
548
587
611
625
631
646
647
663
681
766
793
803
805
806
806
806
806
806
806
806
806
806
806
806
806
301
303
313
325
327
328
330
332
333
334
335
338
339
340
341
342
446
539
648
649
747
783
783
783
783
783
783
783
783
783
783
783
