4
5
6
7
8
9
10
11
12
13
14
15
16
17
18
19
20
20
20
20
20
20
20
20
20
20
20
20
20
20
20
20
0
1
2
3
7
8
9
10
11
12
13
14
15
16
17
18
19
20
20
20
20
20
20
20
20
20
20
20
20
20
20
20
0
1
2
3
4
5
6
9
10
11
12
13
14
15
16
17
18
19
19
19
19
19
19
19
19
19
19
19
19
19
19
19
0
1
2
3
4
5
6
7
8
10
11
12
13
14
15
16
17
18
18
18
18
18
18
18
18
18
18
18
18
18
18
18
0
1
2
3
4
5
6
7
8
9
10
11
12
13
14
15
16
17
17
17
17
17
17
17
17
17
17
17
17
17
17
17
0
1
2
3
4
5
6
7
8
9
10
11
12
13
14
15
16
16
16
16
16
16
16
16
16
16
16
16
16
16
16
16
0
1
2
3
4
5
6
7
8
9
10
11
12
13
14
15
0
1
2
3
4
5
6
7
8
9
10
11
12
13
14
14
0
1
2
3
4
5
6
7
8
9
10
11
12
13
13
13
0
1
2
3
4
5
6
7
8
9
10
11
11
11
11
11
0
1
2
3
4
5
6
7
8
9
10
10
10
10
10
10
0
1
2
3
4
5
6
7
8
8
8
8
8
8
8
8
0
1
2
3
4
5
6
6
6
6
6
6
6
6
6
6
0
1
2
2
2
2
2
2
2
2
2
2
2
2
2
2
