[2026-01-27 12:53:49] ColDense Individual Sample Performance
================================================================
Format: Category | Sample_Name | M | K | N | NNZ | WindowNum | BlockNum | FillRate | Performance(us)
================================================================
Bai | af23560 | 23568 | 23568 | 128 | 484256 | 1473 | 8779 | 0.22 | 246.029846
Bai | bfwa398 | 400 | 400 | 128 | 3678 | 25 | 116 | 0.12 | 12.440497
Bai | bfwa62 | 64 | 64 | 128 | 450 | 4 | 12 | 0.15 | 5.840234
Bai | bfwa782 | 784 | 784 | 128 | 7514 | 49 | 247 | 0.12 | 20.700829
Bai | bfwb398 | 400 | 400 | 128 | 1654 | 25 | 66 | 0.1 | 6.680267
Bai | bfwb62 | 64 | 64 | 128 | 202 | 4 | 7 | 0.11 | 4.600184
Bai | bfwb782 | 784 | 784 | 128 | 3382 | 49 | 131 | 0.1 | 8.280332
Bai | bwm200 | 208 | 208 | 128 | 796 | 13 | 38 | 0.08 | 6.340254
Bai | bwm2000 | 2000 | 2000 | 128 | 7996 | 125 | 375 | 0.08 | 16.060642
Bai | cdde1 | 976 | 976 | 128 | 4681 | 61 | 237 | 0.08 | 12.480499
Bai | cdde2 | 976 | 976 | 128 | 4681 | 61 | 237 | 0.08 | 12.300492
Bai | cdde3 | 976 | 976 | 128 | 4681 | 61 | 237 | 0.08 | 12.540502
Bai | cdde4 | 976 | 976 | 128 | 4681 | 61 | 237 | 0.08 | 12.400496
Bai | cdde5 | 976 | 976 | 128 | 4681 | 61 | 237 | 0.08 | 12.520501
Bai | cdde6 | 976 | 976 | 128 | 4681 | 61 | 237 | 0.08 | 12.220489
Bai | ck104 | 112 | 112 | 128 | 992 | 7 | 20 | 0.19 | 5.700228
Bai | ck400 | 400 | 400 | 128 | 2860 | 25 | 74 | 0.15 | 7.320293
Bai | ck656 | 656 | 656 | 128 | 3884 | 41 | 122 | 0.12 | 8.840354
Bai | cryg10000 | 10000 | 10000 | 128 | 49699 | 625 | 2493 | 0.08 | 73.622948
Bai | cryg2500 | 2512 | 2512 | 128 | 12349 | 157 | 621 | 0.08 | 23.440937
Bai | dw1024 | 2048 | 2048 | 128 | 10114 | 128 | 504 | 0.08 | 20.540821
Bai | dw2048 | 2048 | 2048 | 128 | 10114 | 128 | 504 | 0.08 | 20.120806
Bai | dw256A | 512 | 512 | 128 | 2480 | 32 | 100 | 0.1 | 8.320333
Bai | dw256B | 512 | 512 | 128 | 2500 | 32 | 110 | 0.09 | 8.520341
Bai | dw4096 | 8192 | 8192 | 128 | 41746 | 512 | 2036 | 0.08 | 61.422459
Bai | dw8192 | 8192 | 8192 | 128 | 41746 | 512 | 2036 | 0.08 | 62.182487
Bai | dwa512 | 512 | 512 | 128 | 2480 | 32 | 100 | 0.1 | 8.520341
Bai | dwb512 | 512 | 512 | 128 | 2500 | 32 | 110 | 0.09 | 8.640346
Bai | lop163 | 176 | 176 | 128 | 935 | 11 | 29 | 0.13 | 7.500300
Bai | mhd3200a | 3200 | 3200 | 128 | 68026 | 200 | 598 | 0.44 | 22.120884
Bai | mhd3200b | 3200 | 3200 | 128 | 10758 | 200 | 399 | 0.11 | 16.820673
Bai | mhd4800a | 4800 | 4800 | 128 | 102252 | 300 | 898 | 0.44 | 29.841194
Bai | mhd4800b | 4800 | 4800 | 128 | 16160 | 300 | 599 | 0.11 | 21.540861
Bai | mhda416 | 416 | 416 | 128 | 8562 | 26 | 76 | 0.44 | 7.220289
Bai | mhdb416 | 416 | 416 | 128 | 1364 | 26 | 51 | 0.1 | 6.820273
Bai | odepa400 | 400 | 400 | 128 | 1201 | 25 | 50 | 0.09 | 5.980239
Bai | odepb400 | 400 | 400 | 128 | 399 | 25 | 25 | 0.06 | 5.460218
Bai | olm100 | 112 | 112 | 128 | 396 | 7 | 13 | 0.12 | 5.380215
Bai | olm1000 | 1008 | 1008 | 128 | 3996 | 63 | 125 | 0.12 | 8.260330
Bai | olm2000 | 2000 | 2000 | 128 | 7996 | 125 | 250 | 0.12 | 12.260490
Bai | olm500 | 512 | 512 | 128 | 1996 | 32 | 63 | 0.12 | 7.140285
Bai | olm5000 | 5008 | 5008 | 128 | 19996 | 313 | 625 | 0.12 | 22.340893
Bai | pde225 | 240 | 240 | 128 | 1065 | 15 | 41 | 0.1 | 8.880355
Bai | pde2961 | 2976 | 2976 | 128 | 14585 | 186 | 735 | 0.08 | 25.201008
Bai | pde900 | 912 | 912 | 128 | 4380 | 57 | 221 | 0.08 | 12.180488
Bai | qh1484 | 1488 | 1488 | 128 | 6110 | 93 | 299 | 0.08 | 17.940718
Bai | qh768 | 768 | 768 | 128 | 2934 | 48 | 151 | 0.08 | 11.060442
Bai | qh882 | 896 | 896 | 128 | 3354 | 56 | 168 | 0.08 | 11.860475
Bai | rbsa480 | 480 | 480 | 128 | 17088 | 30 | 439 | 0.15 | 25.681026
Bai | rbsb480 | 480 | 480 | 128 | 17088 | 30 | 439 | 0.15 | 25.681026
Bai | rdb1250 | 1264 | 1264 | 128 | 7300 | 79 | 307 | 0.09 | 14.900596
Bai | rdb1250l | 1264 | 1264 | 128 | 7300 | 79 | 307 | 0.09 | 14.720589
Bai | rdb200 | 208 | 208 | 128 | 1120 | 13 | 47 | 0.09 | 7.320293
Bai | rdb200l | 208 | 208 | 128 | 1120 | 13 | 47 | 0.09 | 7.420297
Bai | rdb2048 | 2048 | 2048 | 128 | 12032 | 128 | 504 | 0.09 | 20.140806
Bai | rdb2048_noL | 2048 | 2048 | 128 | 12032 | 128 | 504 | 0.09 | 20.280811
Bai | rdb3200l | 3200 | 3200 | 128 | 18880 | 200 | 790 | 0.09 | 27.861115
Bai | rdb450 | 464 | 464 | 128 | 2580 | 29 | 109 | 0.09 | 9.320373
Bai | rdb450l | 464 | 464 | 128 | 2580 | 29 | 109 | 0.09 | 9.180367
Bai | rdb5000 | 5008 | 5008 | 128 | 29600 | 313 | 1237 | 0.09 | 38.601543
Bai | rdb800l | 800 | 800 | 128 | 4640 | 50 | 194 | 0.09 | 10.960439
Bai | rdb968 | 976 | 976 | 128 | 5632 | 61 | 236 | 0.09 | 12.640506
Bai | rw136 | 144 | 144 | 128 | 479 | 9 | 22 | 0.09 | 6.240250
Bai | rw496 | 496 | 496 | 128 | 1859 | 31 | 98 | 0.07 | 9.000360
Bai | rw5151 | 5152 | 5152 | 128 | 20199 | 322 | 1187 | 0.07 | 39.361576
Bai | tols1090 | 1104 | 1104 | 128 | 3546 | 69 | 134 | 0.1 | 13.900556
Bai | tols2000 | 2000 | 2000 | 128 | 5184 | 125 | 235 | 0.09 | 17.800713
Bai | tols340 | 352 | 352 | 128 | 2196 | 22 | 48 | 0.18 | 9.220368
Bai | tols4000 | 4000 | 4000 | 128 | 8784 | 250 | 460 | 0.07 | 20.560822
Bai | tols90 | 96 | 96 | 128 | 1746 | 6 | 19 | 0.36 | 6.840273
Bai | tub100 | 112 | 112 | 128 | 396 | 7 | 13 | 0.12 | 5.700228
Bai | tub1000 | 1008 | 1008 | 128 | 3996 | 63 | 125 | 0.12 | 8.440337
Gset | G10 | 800 | 800 | 128 | 19176 | 50 | 811 | 0.09 | 45.401817
Gset | G11 | 800 | 800 | 128 | 1600 | 50 | 99 | 0.06 | 7.700308
Gset | G12 | 800 | 800 | 128 | 1600 | 50 | 100 | 0.06 | 7.520301
Gset | G13 | 800 | 800 | 128 | 1600 | 50 | 125 | 0.05 | 8.580343
Gset | G18 | 800 | 800 | 128 | 4694 | 50 | 252 | 0.07 | 12.540502
Gset | G19 | 800 | 800 | 128 | 4661 | 50 | 245 | 0.07 | 11.800472
Gset | G20 | 800 | 800 | 128 | 4672 | 50 | 250 | 0.07 | 12.420497
Gset | G21 | 800 | 800 | 128 | 4667 | 50 | 251 | 0.07 | 12.340493
Gset | G27 | 2000 | 2000 | 128 | 19990 | 125 | 1222 | 0.06 | 64.042564
Gset | G28 | 2000 | 2000 | 128 | 19990 | 125 | 1228 | 0.06 | 65.022598
Gset | G29 | 2000 | 2000 | 128 | 19990 | 125 | 1219 | 0.06 | 64.302574
Gset | G30 | 2000 | 2000 | 128 | 19990 | 125 | 1219 | 0.06 | 61.942478
Gset | G31 | 2000 | 2000 | 128 | 19990 | 125 | 1217 | 0.06 | 64.582581
Gset | G32 | 2000 | 2000 | 128 | 4000 | 125 | 276 | 0.06 | 13.320533
Gset | G33 | 2000 | 2000 | 128 | 4000 | 125 | 256 | 0.06 | 12.920517
Gset | G34 | 2000 | 2000 | 128 | 4000 | 125 | 276 | 0.06 | 13.780551
Gset | G39 | 2000 | 2000 | 128 | 11778 | 125 | 697 | 0.07 | 24.500980
Gset | G40 | 2000 | 2000 | 128 | 11766 | 125 | 704 | 0.07 | 25.561022
Gset | G41 | 2000 | 2000 | 128 | 11785 | 125 | 700 | 0.07 | 24.300972
Gset | G42 | 2000 | 2000 | 128 | 11779 | 125 | 692 | 0.07 | 24.920998
Gset | G56 | 5008 | 5008 | 128 | 12498 | 313 | 931 | 0.05 | 48.081924
Gset | G57 | 5008 | 5008 | 128 | 10000 | 313 | 638 | 0.06 | 22.960918
Gset | G59 | 5008 | 5008 | 128 | 29570 | 313 | 1823 | 0.06 | 55.322212
Gset | G6 | 800 | 800 | 128 | 19176 | 50 | 810 | 0.09 | 43.221729
Gset | G61 | 7008 | 7008 | 128 | 17148 | 438 | 1272 | 0.05 | 66.782669
Gset | G62 | 7008 | 7008 | 128 | 14000 | 438 | 888 | 0.06 | 30.221209
Gset | G64 | 7008 | 7008 | 128 | 41459 | 438 | 2572 | 0.06 | 77.723106
Gset | G65 | 8000 | 8000 | 128 | 16000 | 500 | 1100 | 0.06 | 36.521461
Gset | G66 | 9008 | 9008 | 128 | 18000 | 563 | 1148 | 0.06 | 38.941559
Gset | G67 | 10000 | 10000 | 128 | 20000 | 625 | 1276 | 0.06 | 44.521782
Gset | G7 | 800 | 800 | 128 | 19176 | 50 | 812 | 0.09 | 43.961758
Gset | G8 | 800 | 800 | 128 | 19176 | 50 | 805 | 0.09 | 43.561741
Gset | G9 | 800 | 800 | 128 | 19176 | 50 | 814 | 0.09 | 44.201767
HB | 1138_bus | 1152 | 1152 | 128 | 2596 | 72 | 152 | 0.07 | 9.580383
HB | 494_bus | 496 | 496 | 128 | 1080 | 31 | 68 | 0.06 | 6.860274
HB | 662_bus | 672 | 672 | 128 | 1568 | 42 | 105 | 0.06 | 8.960359
HB | 685_bus | 688 | 688 | 128 | 1967 | 43 | 100 | 0.08 | 8.080323
HB | arc130 | 144 | 144 | 128 | 1282 | 9 | 30 | 0.17 | 8.860354
HB | bcsstk01 | 48 | 48 | 128 | 224 | 3 | 6 | 0.15 | 8.460339
HB | bcsstk02 | 80 | 80 | 128 | 2211 | 5 | 15 | 0.58 | 6.620265
HB | bcsstk03 | 112 | 112 | 128 | 376 | 7 | 13 | 0.11 | 5.480219
HB | bcsstk04 | 144 | 144 | 128 | 1890 | 9 | 26 | 0.28 | 7.400296
HB | bcsstk05 | 160 | 160 | 128 | 1288 | 10 | 21 | 0.24 | 6.480259
HB | bcsstk06 | 432 | 432 | 128 | 4140 | 27 | 76 | 0.21 | 7.740310
HB | bcsstk07 | 432 | 432 | 128 | 4140 | 27 | 76 | 0.21 | 7.700308
HB | bcsstk08 | 1088 | 1088 | 128 | 7017 | 68 | 235 | 0.12 | 15.180607
HB | bcsstk09 | 1088 | 1088 | 128 | 9760 | 68 | 198 | 0.19 | 10.700428
HB | bcsstk10 | 1088 | 1088 | 128 | 11578 | 68 | 226 | 0.2 | 11.760470
HB | bcsstk11 | 1488 | 1488 | 128 | 17857 | 93 | 275 | 0.25 | 12.420497
HB | bcsstk12 | 1488 | 1488 | 128 | 17857 | 93 | 275 | 0.25 | 12.500500
HB | bcsstk13 | 2016 | 2016 | 128 | 42943 | 126 | 675 | 0.25 | 32.401295
HB | bcsstk14 | 1808 | 1808 | 128 | 32630 | 113 | 438 | 0.29 | 18.440737
HB | bcsstk15 | 3952 | 3952 | 128 | 60882 | 247 | 1139 | 0.21 | 40.861633
HB | bcsstk16 | 4896 | 4896 | 128 | 147631 | 306 | 1618 | 0.36 | 50.722031
HB | bcsstk17 | 10976 | 10976 | 128 | 219812 | 686 | 2852 | 0.3 | 97.023880
HB | bcsstk18 | 11952 | 11952 | 128 | 80519 | 747 | 2684 | 0.12 | 90.283615
HB | bcsstk19 | 832 | 832 | 128 | 3835 | 52 | 102 | 0.15 | 8.380335
HB | bcsstk20 | 496 | 496 | 128 | 1810 | 31 | 60 | 0.12 | 6.960279
HB | bcsstk21 | 3600 | 3600 | 128 | 15100 | 225 | 667 | 0.09 | 24.320972
HB | bcsstk22 | 144 | 144 | 128 | 417 | 9 | 17 | 0.1 | 5.800232
HB | bcsstk23 | 3136 | 3136 | 128 | 24156 | 196 | 726 | 0.13 | 27.621105
HB | bcsstk24 | 3568 | 3568 | 128 | 81736 | 223 | 842 | 0.38 | 38.201527
HB | bcsstk25 | 15440 | 15440 | 128 | 133840 | 965 | 3447 | 0.15 | 103.024124
HB | bcsstk26 | 1936 | 1936 | 128 | 16129 | 121 | 369 | 0.17 | 15.700628
HB | bcsstk27 | 1232 | 1232 | 128 | 28675 | 77 | 289 | 0.39 | 13.960559
HB | bcsstk28 | 4416 | 4416 | 128 | 111717 | 276 | 1156 | 0.38 | 42.321693
HB | bcsstm01 | 48 | 48 | 128 | 48 | 3 | 3 | 0.06 | 7.040282
HB | bcsstm02 | 80 | 80 | 128 | 66 | 5 | 5 | 0.05 | 4.360174
HB | bcsstm03 | 112 | 112 | 128 | 112 | 7 | 7 | 0.06 | 4.580183
HB | bcsstm04 | 144 | 144 | 128 | 132 | 9 | 9 | 0.06 | 5.360214
HB | bcsstm05 | 160 | 160 | 128 | 153 | 10 | 10 | 0.06 | 4.880195
HB | bcsstm06 | 432 | 432 | 128 | 420 | 27 | 27 | 0.06 | 6.040242
HB | bcsstm07 | 432 | 432 | 128 | 3836 | 27 | 76 | 0.2 | 7.240290
HB | bcsstm08 | 1088 | 1088 | 128 | 1074 | 68 | 68 | 0.06 | 6.760271
HB | bcsstm09 | 1088 | 1088 | 128 | 1083 | 68 | 68 | 0.06 | 6.540262
HB | bcsstm10 | 1088 | 1088 | 128 | 11589 | 68 | 226 | 0.2 | 12.140486
HB | bcsstm11 | 1488 | 1488 | 128 | 1473 | 93 | 93 | 0.06 | 7.080283
HB | bcsstm12 | 1488 | 1488 | 128 | 10566 | 93 | 271 | 0.15 | 12.220489
HB | bcsstm13 | 2016 | 2016 | 128 | 11973 | 126 | 363 | 0.13 | 23.220928
HB | bcsstm19 | 832 | 832 | 128 | 817 | 52 | 52 | 0.06 | 6.360254
HB | bcsstm20 | 496 | 496 | 128 | 485 | 31 | 31 | 0.06 | 5.420217
HB | bcsstm21 | 3600 | 3600 | 128 | 3600 | 225 | 225 | 0.06 | 11.300452
HB | bcsstm22 | 144 | 144 | 128 | 138 | 9 | 9 | 0.06 | 5.120205
HB | bcsstm23 | 3136 | 3136 | 128 | 3134 | 196 | 196 | 0.06 | 10.420417
HB | bcsstm24 | 3568 | 3568 | 128 | 3562 | 223 | 223 | 0.06 | 11.080443
HB | bcsstm25 | 15440 | 15440 | 128 | 15439 | 965 | 965 | 0.06 | 31.701267
HB | bcsstm26 | 1936 | 1936 | 128 | 1922 | 121 | 121 | 0.06 | 8.320333
HB | bcsstm27 | 1232 | 1232 | 128 | 28675 | 77 | 289 | 0.39 | 14.660586
HB | beacxc | 512 | 512 | 128 | 50409 | 32 | 783 | 0.25 | 43.721748
HB | beaflw | 512 | 512 | 128 | 53403 | 32 | 801 | 0.26 | 43.681747
HB | beause | 512 | 512 | 128 | 44551 | 32 | 760 | 0.23 | 43.801750
HB | bp_0 | 832 | 832 | 128 | 3276 | 52 | 157 | 0.08 | 22.680906
HB | bp_1000 | 832 | 832 | 128 | 4661 | 52 | 189 | 0.1 | 25.301012
HB | bp_1200 | 832 | 832 | 128 | 4726 | 52 | 187 | 0.1 | 24.800993
HB | bp_1400 | 832 | 832 | 128 | 4790 | 52 | 192 | 0.1 | 24.960999
HB | bp_1600 | 832 | 832 | 128 | 4841 | 52 | 193 | 0.1 | 25.161007
HB | bp_200 | 832 | 832 | 128 | 3802 | 52 | 167 | 0.09 | 24.600985
HB | bp_400 | 832 | 832 | 128 | 4028 | 52 | 175 | 0.09 | 24.980999
HB | bp_600 | 832 | 832 | 128 | 4172 | 52 | 177 | 0.09 | 24.920998
HB | bp_800 | 832 | 832 | 128 | 4534 | 52 | 186 | 0.1 | 25.561022
HB | fs_183_1 | 192 | 192 | 128 | 1069 | 12 | 45 | 0.09 | 7.820313
HB | fs_183_3 | 192 | 192 | 128 | 1069 | 12 | 45 | 0.09 | 8.460339
HB | fs_183_4 | 192 | 192 | 128 | 1069 | 12 | 45 | 0.09 | 7.920317
HB | fs_183_6 | 192 | 192 | 128 | 1069 | 12 | 45 | 0.09 | 7.820313
HB | fs_541_1 | 544 | 544 | 128 | 4285 | 34 | 201 | 0.08 | 21.780870
HB | fs_541_2 | 544 | 544 | 128 | 4285 | 34 | 201 | 0.08 | 19.100763
HB | fs_541_3 | 544 | 544 | 128 | 4285 | 34 | 201 | 0.08 | 21.980879
HB | fs_541_4 | 544 | 544 | 128 | 4285 | 34 | 201 | 0.08 | 19.340775
HB | fs_680_1 | 688 | 688 | 128 | 2646 | 43 | 150 | 0.07 | 13.240530
HB | fs_680_2 | 688 | 688 | 128 | 2646 | 43 | 150 | 0.07 | 13.460539
HB | fs_680_3 | 688 | 688 | 128 | 2646 | 43 | 150 | 0.07 | 12.900516
HB | fs_760_1 | 768 | 768 | 128 | 5976 | 48 | 352 | 0.07 | 27.221088
HB | fs_760_2 | 768 | 768 | 128 | 5976 | 48 | 352 | 0.07 | 27.181087
HB | fs_760_3 | 768 | 768 | 128 | 5976 | 48 | 352 | 0.07 | 27.181087
HB | gemat1 | 4944 | 10608 | 128 | 47369 | 309 | 1694 | 0.11 | 228.529144
HB | gemat11 | 4944 | 4944 | 128 | 33185 | 309 | 990 | 0.13 | 34.561382
HB | gemat12 | 4944 | 4944 | 128 | 33111 | 309 | 992 | 0.13 | 34.921398
HB | gr_30_30 | 912 | 912 | 128 | 4322 | 57 | 166 | 0.1 | 10.060403
HB | gre_1107 | 1120 | 1120 | 128 | 5664 | 70 | 270 | 0.08 | 13.000520
HB | gre_115 | 128 | 128 | 128 | 421 | 8 | 23 | 0.07 | 5.860234
HB | gre_185 | 192 | 192 | 128 | 1005 | 12 | 45 | 0.09 | 6.460258
HB | gre_216a | 224 | 224 | 128 | 876 | 14 | 38 | 0.09 | 7.920317
HB | gre_216b | 224 | 224 | 128 | 876 | 14 | 38 | 0.09 | 8.020321
HB | gre_343 | 352 | 352 | 128 | 1435 | 22 | 65 | 0.09 | 8.000320
HB | gre_512 | 512 | 512 | 128 | 2192 | 32 | 108 | 0.08 | 9.580383
HB | hor_131 | 448 | 448 | 128 | 4710 | 28 | 142 | 0.13 | 12.740510
HB | illc1033 | 1040 | 320 | 128 | 4732 | 65 | 105 | 0.18 | 14.180567
HB | illc1850 | 1856 | 720 | 128 | 8758 | 116 | 205 | 0.17 | 20.140806
HB | impcol_a | 208 | 208 | 128 | 572 | 13 | 26 | 0.09 | 6.160246
HB | impcol_b | 64 | 64 | 128 | 312 | 4 | 7 | 0.17 | 4.800192
HB | impcol_c | 144 | 144 | 128 | 411 | 9 | 19 | 0.08 | 5.560223
HB | impcol_d | 432 | 432 | 128 | 1339 | 27 | 63 | 0.08 | 7.680307
HB | impcol_e | 240 | 240 | 128 | 1308 | 15 | 41 | 0.12 | 7.360294
HB | jpwh_991 | 992 | 992 | 128 | 6027 | 62 | 348 | 0.07 | 17.520700
HB | lns_131 | 144 | 144 | 128 | 536 | 9 | 23 | 0.09 | 5.520221
HB | lns_3937 | 3952 | 3952 | 128 | 25407 | 247 | 1211 | 0.08 | 48.861954
HB | lns_511 | 512 | 512 | 128 | 2796 | 32 | 118 | 0.09 | 11.600464
HB | lnsp3937 | 3952 | 3952 | 128 | 25407 | 247 | 872 | 0.11 | 30.661226
HB | lnsp_131 | 144 | 144 | 128 | 536 | 9 | 24 | 0.09 | 6.040242
HB | lnsp_511 | 512 | 512 | 128 | 2796 | 32 | 105 | 0.1 | 8.640346
HB | lund_a | 160 | 160 | 128 | 1298 | 10 | 25 | 0.2 | 6.640265
HB | lund_b | 160 | 160 | 128 | 1294 | 10 | 25 | 0.2 | 6.680267
HB | mahindas | 1264 | 1264 | 128 | 7682 | 79 | 258 | 0.12 | 19.140766
HB | mahindas_b | 1264 | 64 | 128 | 162 | 79 | 11 | 0.06 | 7.580303
HB | mbeacxc | 496 | 496 | 128 | 49920 | 31 | 752 | 0.26 | 42.381695
HB | mbeaflw | 496 | 496 | 128 | 49920 | 31 | 752 | 0.26 | 41.581665
HB | mbeause | 496 | 496 | 128 | 41063 | 31 | 711 | 0.23 | 41.301651
HB | mcca | 192 | 192 | 128 | 2659 | 12 | 38 | 0.27 | 6.800272
HB | mcfe | 768 | 768 | 128 | 24382 | 48 | 394 | 0.24 | 19.620785
HB | nnc1374 | 1376 | 1376 | 128 | 8606 | 86 | 264 | 0.13 | 13.500540
HB | nnc261 | 272 | 272 | 128 | 1500 | 17 | 48 | 0.12 | 6.640265
HB | nnc666 | 672 | 672 | 128 | 4044 | 42 | 128 | 0.12 | 9.000360
HB | nos1 | 240 | 240 | 128 | 627 | 15 | 29 | 0.08 | 6.920277
HB | nos2 | 960 | 960 | 128 | 2547 | 60 | 119 | 0.08 | 7.740310
HB | nos3 | 960 | 960 | 128 | 8402 | 60 | 176 | 0.19 | 10.540421
HB | nos4 | 112 | 112 | 128 | 347 | 7 | 12 | 0.11 | 5.380215
HB | nos5 | 480 | 480 | 128 | 2820 | 30 | 99 | 0.11 | 9.600384
HB | nos6 | 688 | 688 | 128 | 1965 | 43 | 110 | 0.07 | 8.500340
HB | nos7 | 736 | 736 | 128 | 2673 | 46 | 131 | 0.08 | 8.340334
HB | orani678 | 2544 | 2544 | 128 | 90158 | 159 | 1061 | 0.33 | 135.025406
HB | orani678_b | 2544 | 96 | 128 | 297 | 159 | 17 | 0.07 | 9.120365
HB | orsirr_1 | 1040 | 1040 | 128 | 6858 | 65 | 272 | 0.1 | 14.320573
HB | orsirr_2 | 896 | 896 | 128 | 5970 | 56 | 238 | 0.1 | 13.660546
HB | orsreg_1 | 2208 | 2208 | 128 | 14133 | 138 | 754 | 0.07 | 28.061123
HB | plat1919 | 1920 | 1920 | 128 | 17159 | 120 | 572 | 0.12 | 26.801071
HB | plat362 | 368 | 368 | 128 | 3074 | 23 | 84 | 0.14 | 8.040321
HB | plsk1919 | 1920 | 1920 | 128 | 4831 | 120 | 248 | 0.08 | 20.080803
HB | plskz362 | 368 | 368 | 128 | 880 | 23 | 42 | 0.08 | 6.520261
HB | pores_1 | 32 | 32 | 128 | 180 | 2 | 4 | 0.18 | 7.780311
HB | pores_2 | 1232 | 1232 | 128 | 9613 | 77 | 263 | 0.14 | 13.700548
HB | pores_3 | 544 | 544 | 128 | 3474 | 34 | 94 | 0.14 | 9.640386
HB | psmigr_1 | 3152 | 3152 | 128 | 543162 | 197 | 12432 | 0.17 | 563.722534
HB | psmigr_2 | 3152 | 3152 | 128 | 540022 | 197 | 12424 | 0.17 | 562.342468
HB | psmigr_3 | 3152 | 3152 | 128 | 543162 | 197 | 12432 | 0.17 | 563.842529
HB | saylr1 | 240 | 240 | 128 | 1128 | 15 | 43 | 0.1 | 8.440337
HB | saylr3 | 1008 | 1008 | 128 | 2375 | 63 | 131 | 0.07 | 9.180367
HB | saylr4 | 3568 | 3568 | 128 | 12940 | 223 | 791 | 0.06 | 28.161127
HB | sherman1 | 1008 | 1008 | 128 | 2375 | 63 | 131 | 0.07 | 9.080363
HB | sherman2 | 1088 | 1088 | 128 | 23094 | 68 | 387 | 0.23 | 17.280691
HB | sherman3 | 5008 | 5008 | 128 | 20033 | 313 | 1102 | 0.07 | 48.801952
HB | sherman4 | 1104 | 1104 | 128 | 3786 | 69 | 199 | 0.07 | 12.800512
HB | sherman5 | 3312 | 3312 | 128 | 20793 | 207 | 690 | 0.12 | 31.881275
HB | shl_0 | 672 | 672 | 128 | 1687 | 42 | 109 | 0.06 | 22.760910
HB | shl_200 | 672 | 672 | 128 | 1726 | 42 | 114 | 0.06 | 24.160967
HB | shl_400 | 672 | 672 | 128 | 1712 | 42 | 114 | 0.06 | 23.440937
HB | steam1 | 240 | 240 | 128 | 3762 | 15 | 67 | 0.22 | 8.380335
HB | steam2 | 608 | 608 | 128 | 13760 | 38 | 183 | 0.29 | 11.460459
HB | steam3 | 80 | 80 | 128 | 928 | 5 | 13 | 0.28 | 5.040202
HB | str_0 | 368 | 368 | 128 | 2454 | 23 | 63 | 0.15 | 6.880275
HB | str_200 | 368 | 368 | 128 | 3068 | 23 | 68 | 0.18 | 7.300292
HB | str_400 | 368 | 368 | 128 | 3157 | 23 | 69 | 0.18 | 7.500300
HB | str_600 | 368 | 368 | 128 | 3279 | 23 | 73 | 0.18 | 7.240290
HB | watt_1 | 1856 | 1856 | 128 | 11360 | 116 | 440 | 0.1 | 17.500700
HB | watt_2 | 1856 | 1856 | 128 | 11550 | 116 | 450 | 0.1 | 17.940718
HB | well1033 | 1040 | 320 | 128 | 4732 | 65 | 105 | 0.18 | 12.380495
HB | well1850 | 1856 | 720 | 128 | 8758 | 116 | 205 | 0.17 | 18.720749
HB | west0067 | 80 | 80 | 128 | 294 | 5 | 12 | 0.1 | 5.680227
HB | west0132 | 144 | 144 | 128 | 414 | 9 | 18 | 0.09 | 5.920237
HB | west0156 | 160 | 160 | 128 | 371 | 10 | 20 | 0.07 | 5.440217
HB | west0167 | 176 | 176 | 128 | 507 | 11 | 24 | 0.08 | 6.500260
HB | west0381 | 384 | 384 | 128 | 2157 | 24 | 106 | 0.08 | 17.020681
HB | west0479 | 480 | 480 | 128 | 1910 | 30 | 85 | 0.09 | 8.200328
HB | west0497 | 512 | 512 | 128 | 1727 | 32 | 79 | 0.09 | 8.180327
HB | west0655 | 656 | 656 | 128 | 2854 | 41 | 127 | 0.09 | 9.800392
HB | west0989 | 992 | 992 | 128 | 3537 | 62 | 145 | 0.1 | 9.940397
HB | west1505 | 1520 | 1520 | 128 | 5445 | 95 | 224 | 0.09 | 12.260490
HB | west2021 | 2032 | 2032 | 128 | 7353 | 127 | 303 | 0.09 | 16.340654
HB | wm1 | 208 | 288 | 128 | 2909 | 13 | 54 | 0.21 | 10.380415
HB | wm2 | 208 | 272 | 128 | 2942 | 13 | 54 | 0.21 | 10.040401
HB | wm3 | 208 | 272 | 128 | 2948 | 13 | 55 | 0.21 | 10.280411
HB | young3c | 848 | 848 | 128 | 3988 | 53 | 194 | 0.08 | 11.420457
HB | zenios | 2880 | 2880 | 128 | 15032 | 180 | 611 | 0.1 | 41.501659
JGD_Homology | D6-6 | 120576 | 23744 | 128 | 146880 | 7536 | 10706 | 0.05 | 496.079834
JGD_Homology | ch3-3-b1 | 32 | 16 | 128 | 36 | 2 | 2 | 0.07 | 7.060282
JGD_Homology | ch3-3-b2 | 16 | 32 | 128 | 18 | 1 | 2 | 0.04 | 7.940318
JGD_Homology | ch4-4-b1 | 80 | 16 | 128 | 144 | 5 | 5 | 0.11 | 4.340174
JGD_Homology | ch4-4-b2 | 96 | 80 | 128 | 288 | 6 | 12 | 0.09 | 4.960198
JGD_Homology | ch4-4-b3 | 32 | 96 | 128 | 96 | 2 | 6 | 0.06 | 9.280372
JGD_Homology | ch5-5-b1 | 208 | 32 | 128 | 400 | 13 | 16 | 0.1 | 5.560223
JGD_Homology | ch5-5-b2 | 608 | 208 | 128 | 1800 | 38 | 75 | 0.09 | 7.060282
JGD_Homology | ch5-5-b3 | 608 | 608 | 128 | 2400 | 38 | 113 | 0.08 | 8.860354
JGD_Homology | ch5-5-b4 | 128 | 608 | 128 | 600 | 8 | 38 | 0.06 | 6.560262
JGD_Homology | ch6-6-b1 | 464 | 48 | 128 | 900 | 29 | 48 | 0.07 | 7.480299
JGD_Homology | ch6-6-b2 | 2400 | 464 | 128 | 7200 | 150 | 314 | 0.09 | 15.080604
JGD_Homology | ch6-6-b3 | 5408 | 2400 | 128 | 21600 | 338 | 1013 | 0.08 | 33.761349
JGD_Homology | ch6-6-b4 | 4320 | 5408 | 128 | 21600 | 270 | 1080 | 0.08 | 35.941437
JGD_Homology | ch6-6-b5 | 720 | 4320 | 128 | 4320 | 45 | 270 | 0.06 | 12.180488
JGD_Homology | ch7-6-b1 | 640 | 48 | 128 | 1260 | 40 | 71 | 0.07 | 8.080323
JGD_Homology | ch7-6-b2 | 4208 | 640 | 128 | 12600 | 263 | 606 | 0.08 | 24.900995
JGD_Homology | ch7-6-b3 | 12608 | 4208 | 128 | 50400 | 788 | 2380 | 0.08 | 70.562820
JGD_Homology | ch7-6-b4 | 15120 | 12608 | 128 | 75600 | 945 | 3780 | 0.08 | 108.984360
JGD_Homology | ch7-6-b5 | 5040 | 15120 | 128 | 30240 | 315 | 1758 | 0.07 | 58.962360
JGD_Homology | ch7-7-b1 | 896 | 64 | 128 | 1764 | 56 | 102 | 0.07 | 9.700388
JGD_Homology | ch7-7-b2 | 7360 | 896 | 128 | 22050 | 460 | 1140 | 0.08 | 42.001678
JGD_Homology | ch7-7-b5 | 35280 | 52928 | 128 | 211680 | 2205 | 11025 | 0.07 | 305.232208
JGD_Homology | ch7-8-b1 | 1184 | 64 | 128 | 2352 | 74 | 141 | 0.07 | 9.880395
JGD_Homology | ch7-8-b2 | 11760 | 1184 | 128 | 35280 | 735 | 1911 | 0.07 | 65.202606
JGD_Homology | ch7-8-b3 | 58800 | 11760 | 128 | 235200 | 3675 | 11670 | 0.08 | 351.334045
JGD_Homology | ch7-8-b4 | 141120 | 58800 | 128 | 705600 | 8820 | 35385 | 0.08 | 975.059021
JGD_Homology | ch7-9-b1 | 1520 | 64 | 128 | 3024 | 95 | 182 | 0.06 | 10.660426
JGD_Homology | ch7-9-b2 | 17648 | 1520 | 128 | 52920 | 1103 | 3036 | 0.07 | 94.603783
JGD_Homology | ch7-9-b3 | 105840 | 17648 | 128 | 423360 | 6615 | 21842 | 0.08 | 652.766113
JGD_Homology | ch8-8-b1 | 1568 | 64 | 128 | 3136 | 98 | 189 | 0.06 | 11.000440
JGD_Homology | ch8-8-b2 | 18816 | 1568 | 128 | 56448 | 1176 | 3167 | 0.07 | 98.183929
JGD_Homology | ch8-8-b3 | 117600 | 18816 | 128 | 470400 | 7350 | 24421 | 0.08 | 728.529114
JGD_Homology | cis-n4c6-b1 | 224 | 32 | 128 | 420 | 14 | 20 | 0.08 | 6.520261
JGD_Homology | cis-n4c6-b13 | 6304 | 25616 | 128 | 88200 | 394 | 4954 | 0.07 | 146.045837
JGD_Homology | cis-n4c6-b14 | 928 | 6304 | 128 | 13800 | 58 | 777 | 0.07 | 32.181286
JGD_Homology | cis-n4c6-b15 | 64 | 928 | 128 | 960 | 4 | 60 | 0.06 | 13.840553
JGD_Homology | cis-n4c6-b2 | 1344 | 224 | 128 | 3990 | 84 | 180 | 0.09 | 11.760470
JGD_Homology | cis-n4c6-b3 | 5984 | 1344 | 128 | 23880 | 374 | 1126 | 0.08 | 39.421577
JGD_Homology | cis-n4c6-b4 | 20064 | 5984 | 128 | 100290 | 1254 | 4972 | 0.08 | 146.285858
JGD_Homology | klein-b1 | 32 | 16 | 128 | 60 | 2 | 2 | 0.12 | 7.040282
JGD_Homology | klein-b2 | 32 | 32 | 128 | 60 | 2 | 3 | 0.08 | 8.140326
JGD_Homology | lutz30-23-b6 | 1728 | 3008 | 128 | 12012 | 108 | 640 | 0.07 | 23.880955
JGD_Homology | mk10-b1 | 640 | 48 | 128 | 1260 | 40 | 73 | 0.07 | 7.600304
JGD_Homology | mk10-b2 | 3152 | 640 | 128 | 9450 | 197 | 417 | 0.09 | 17.380695
JGD_Homology | mk10-b3 | 4736 | 3152 | 128 | 18900 | 296 | 896 | 0.08 | 32.041283
JGD_Homology | mk10-b4 | 960 | 4736 | 128 | 4725 | 60 | 296 | 0.06 | 14.880595
JGD_Homology | mk11-b1 | 992 | 64 | 128 | 1980 | 62 | 117 | 0.07 | 8.860354
JGD_Homology | mk11-b2 | 6944 | 992 | 128 | 20790 | 434 | 1042 | 0.08 | 38.201527
JGD_Homology | mk11-b3 | 17328 | 6944 | 128 | 69300 | 1083 | 3289 | 0.08 | 94.523781
JGD_Homology | mk11-b4 | 10400 | 17328 | 128 | 51975 | 650 | 2770 | 0.07 | 85.863434
JGD_Homology | mk11-b4b | 9456 | 17328 | 128 | 47250 | 591 | 2529 | 0.07 | 77.223091
JGD_Homology | mk12-b1 | 1488 | 80 | 128 | 2970 | 93 | 181 | 0.06 | 10.460419
JGD_Homology | mk12-b2 | 13872 | 1488 | 128 | 41580 | 867 | 2275 | 0.07 | 74.182968
JGD_Homology | mk12-b3 | 51984 | 13872 | 128 | 207900 | 3249 | 10005 | 0.08 | 283.731354
JGD_Homology | mk12-b4 | 62384 | 51984 | 128 | 311850 | 3899 | 15641 | 0.08 | 435.657440
JGD_Homology | mk12-b5 | 10400 | 62384 | 128 | 62370 | 650 | 3899 | 0.06 | 113.504539
JGD_Homology | mk9-b1 | 384 | 48 | 128 | 756 | 24 | 39 | 0.08 | 6.920277
JGD_Homology | mk9-b2 | 1264 | 384 | 128 | 3780 | 79 | 159 | 0.09 | 9.940397
JGD_Homology | mk9-b3 | 960 | 1264 | 128 | 3780 | 60 | 192 | 0.08 | 11.340453
JGD_Homology | n2c6-b1 | 112 | 16 | 128 | 210 | 7 | 7 | 0.12 | 4.840194
JGD_Homology | n2c6-b10 | 32 | 320 | 128 | 330 | 2 | 20 | 0.06 | 13.260530
JGD_Homology | n2c6-b2 | 464 | 112 | 128 | 1365 | 29 | 57 | 0.09 | 7.220289
JGD_Homology | n2c6-b3 | 1376 | 464 | 128 | 5460 | 86 | 253 | 0.08 | 12.440497
JGD_Homology | n2c6-b4 | 3008 | 1376 | 128 | 15015 | 188 | 731 | 0.08 | 25.461018
JGD_Homology | n2c6-b5 | 4960 | 3008 | 128 | 29670 | 310 | 1480 | 0.08 | 46.981880
JGD_Homology | n2c6-b6 | 5728 | 4960 | 128 | 40005 | 358 | 2030 | 0.08 | 62.602505
JGD_Homology | n2c6-b7 | 4000 | 5728 | 128 | 31920 | 250 | 1645 | 0.08 | 54.202168
JGD_Homology | n2c6-b8 | 1472 | 4000 | 128 | 13230 | 92 | 702 | 0.07 | 25.461018
JGD_Homology | n2c6-b9 | 320 | 1472 | 128 | 3060 | 20 | 162 | 0.07 | 10.480419
JGD_Homology | n3c4-b1 | 16 | 16 | 128 | 30 | 1 | 1 | 0.12 | 6.780271
JGD_Homology | n3c4-b2 | 32 | 16 | 128 | 60 | 2 | 2 | 0.12 | 7.460299
JGD_Homology | n3c4-b3 | 16 | 32 | 128 | 60 | 1 | 2 | 0.12 | 7.720309
JGD_Homology | n3c4-b4 | 16 | 16 | 128 | 30 | 1 | 1 | 0.12 | 7.260291
JGD_Homology | n3c5-b1 | 48 | 16 | 128 | 90 | 3 | 3 | 0.12 | 7.540302
JGD_Homology | n3c5-b2 | 128 | 48 | 128 | 360 | 8 | 15 | 0.09 | 5.300212
JGD_Homology | n3c5-b3 | 224 | 128 | 128 | 840 | 14 | 37 | 0.09 | 7.020281
JGD_Homology | n3c5-b4 | 256 | 224 | 128 | 1260 | 16 | 57 | 0.09 | 6.840273
JGD_Homology | n3c5-b5 | 224 | 256 | 128 | 1260 | 14 | 55 | 0.09 | 8.020321
JGD_Homology | n3c5-b6 | 128 | 224 | 128 | 840 | 8 | 36 | 0.09 | 6.720269
JGD_Homology | n3c5-b7 | 32 | 128 | 128 | 240 | 2 | 11 | 0.09 | 10.480419
JGD_Homology | n3c6-b1 | 112 | 112 | 128 | 210 | 7 | 7 | 0.12 | 4.700188
JGD_Homology | n3c6-b10 | 688 | 2512 | 128 | 7425 | 43 | 387 | 0.07 | 16.640665
JGD_Homology | n3c6-b11 | 64 | 688 | 128 | 720 | 4 | 41 | 0.07 | 10.260410
JGD_Homology | n3c6-b2 | 464 | 112 | 128 | 1365 | 29 | 57 | 0.09 | 7.100284
JGD_Homology | n3c6-b3 | 1376 | 464 | 128 | 5460 | 86 | 253 | 0.08 | 12.460499
JGD_Homology | n3c6-b4 | 3008 | 1376 | 128 | 15015 | 188 | 731 | 0.08 | 25.421017
JGD_Homology | n3c6-b5 | 5008 | 3008 | 128 | 30030 | 313 | 1505 | 0.08 | 49.841995
JGD_Homology | n3c6-b6 | 6448 | 5008 | 128 | 45045 | 403 | 2278 | 0.08 | 70.882835
JGD_Homology | n3c6-b7 | 6448 | 6448 | 128 | 51480 | 403 | 2609 | 0.08 | 80.143204
JGD_Homology | n3c6-b8 | 4944 | 6448 | 128 | 44415 | 309 | 2247 | 0.08 | 69.802795
JGD_Homology | n3c6-b9 | 2512 | 4944 | 128 | 25110 | 157 | 1277 | 0.08 | 43.941757
JGD_Homology | n4c5-b1 | 112 | 16 | 128 | 210 | 7 | 7 | 0.12 | 4.600184
JGD_Homology | n4c5-b10 | 128 | 640 | 128 | 1320 | 8 | 67 | 0.08 | 9.320373
JGD_Homology | n4c5-b11 | 16 | 128 | 128 | 120 | 1 | 8 | 0.06 | 11.240450
JGD_Homology | n4c5-b2 | 464 | 112 | 128 | 1365 | 29 | 57 | 0.09 | 7.300292
JGD_Homology | n4c5-b3 | 1360 | 464 | 128 | 5400 | 85 | 250 | 0.08 | 12.440497
JGD_Homology | n4c5-b4 | 2864 | 1360 | 128 | 14260 | 179 | 704 | 0.08 | 25.221008
JGD_Homology | n4c5-b5 | 4352 | 2864 | 128 | 26040 | 272 | 1330 | 0.08 | 43.621746
JGD_Homology | n4c5-b6 | 4736 | 4352 | 128 | 33145 | 296 | 1740 | 0.07 | 54.822193
JGD_Homology | n4c5-b7 | 3648 | 4736 | 128 | 29080 | 228 | 1558 | 0.07 | 49.761990
JGD_Homology | n4c5-b8 | 1904 | 3648 | 128 | 17055 | 119 | 920 | 0.07 | 30.361214
JGD_Homology | n4c5-b9 | 640 | 1904 | 128 | 6300 | 40 | 345 | 0.07 | 16.340654
JGD_Homology | n4c6-b1 | 224 | 32 | 128 | 420 | 14 | 20 | 0.08 | 6.400256
JGD_Homology | n4c6-b12 | 25616 | 69248 | 128 | 332865 | 1601 | 18647 | 0.07 | 520.800842
JGD_Homology | n4c6-b13 | 6304 | 25616 | 128 | 88200 | 394 | 4954 | 0.07 | 146.645859
JGD_Homology | n4c6-b14 | 928 | 6304 | 128 | 13800 | 58 | 777 | 0.07 | 33.041321
JGD_Homology | n4c6-b15 | 64 | 928 | 128 | 960 | 4 | 60 | 0.06 | 14.240570
JGD_Homology | n4c6-b2 | 1344 | 224 | 128 | 3990 | 84 | 180 | 0.09 | 11.060442
JGD_Homology | n4c6-b3 | 5984 | 1344 | 128 | 23880 | 374 | 1126 | 0.08 | 38.921558
JGD_Homology | n4c6-b4 | 20064 | 5984 | 128 | 100290 | 1254 | 4972 | 0.08 | 146.925873
JGD_Homology | n4c6-b5 | 51824 | 20064 | 128 | 310878 | 3239 | 15990 | 0.08 | 446.477844
JGD_Homology | shar_te2-b1 | 17168 | 288 | 128 | 34320 | 1073 | 2145 | 0.06 | 110.224411
Pajek | Cities | 64 | 48 | 128 | 1342 | 4 | 12 | 0.44 | 5.640225
Pajek | EAT_RS | 23232 | 23232 | 128 | 325592 | 1452 | 19426 | 0.07 | 724.628967
Pajek | EAT_SR | 23232 | 23232 | 128 | 325589 | 1452 | 18774 | 0.07 | 607.464294
Pajek | FA | 10624 | 10624 | 128 | 72176 | 664 | 4464 | 0.06 | 138.065521
Pajek | GD00_c | 640 | 640 | 128 | 1041 | 40 | 72 | 0.06 | 8.640346
Pajek | GD01_Acap | 960 | 960 | 128 | 645 | 60 | 66 | 0.04 | 7.860314
Pajek | GD01_a | 320 | 320 | 128 | 645 | 20 | 43 | 0.06 | 6.540262
Pajek | GD01_c | 48 | 48 | 128 | 135 | 3 | 3 | 0.18 | 8.180327
Pajek | GD96_a | 1104 | 1104 | 128 | 1677 | 69 | 135 | 0.05 | 8.800352
Pajek | GD97_b | 48 | 48 | 128 | 132 | 3 | 4 | 0.13 | 7.960319
Pajek | GD97_c | 464 | 464 | 128 | 460 | 29 | 44 | 0.04 | 17.900717
Pajek | GD99_b | 64 | 64 | 128 | 127 | 4 | 7 | 0.07 | 4.560183
Pajek | Journals | 128 | 128 | 128 | 6096 | 8 | 36 | 0.66 | 8.860354
Pajek | Lederberg | 8848 | 8848 | 128 | 41601 | 553 | 2604 | 0.06 | 308.152313
Pajek | ODLIS | 2912 | 2912 | 128 | 18246 | 182 | 955 | 0.07 | 37.141487
Pajek | Ragusa16 | 32 | 32 | 128 | 81 | 2 | 3 | 0.11 | 8.180327
Pajek | Ragusa18 | 32 | 32 | 128 | 64 | 2 | 3 | 0.08 | 7.620305
Pajek | Reuters911 | 13344 | 13344 | 128 | 148038 | 834 | 8547 | 0.07 | 519.600769
Pajek | Reuters911_Day_01 | 13344 | 13344 | 128 | 9318 | 834 | 978 | 0.04 | 53.462139
Pajek | Reuters911_Day_02 | 13344 | 13344 | 128 | 13919 | 834 | 1281 | 0.04 | 75.643028
Pajek | Reuters911_Day_03 | 13344 | 13344 | 128 | 7451 | 834 | 882 | 0.03 | 47.281891
Pajek | Reuters911_Day_04 | 13344 | 13344 | 128 | 6232 | 834 | 796 | 0.03 | 40.721630
Pajek | Reuters911_Day_05 | 13344 | 13344 | 128 | 8834 | 834 | 987 | 0.03 | 55.602222
Pajek | Reuters911_Day_06 | 13344 | 13344 | 128 | 7945 | 834 | 912 | 0.03 | 47.481899
Pajek | Reuters911_Day_07 | 13344 | 13344 | 128 | 4602 | 834 | 684 | 0.03 | 34.741390
Pajek | Reuters911_Day_08 | 13344 | 13344 | 128 | 3437 | 834 | 582 | 0.02 | 30.081203
Pajek | Reuters911_Day_09 | 13344 | 13344 | 128 | 3884 | 834 | 619 | 0.02 | 32.061283
Pajek | Reuters911_Day_10 | 13344 | 13344 | 128 | 4705 | 834 | 693 | 0.03 | 39.801594
Pajek | Reuters911_Day_11 | 13344 | 13344 | 128 | 5120 | 834 | 724 | 0.03 | 37.601505
Pajek | Reuters911_Day_12 | 13344 | 13344 | 128 | 2775 | 834 | 534 | 0.02 | 26.841074
Pajek | Reuters911_Day_13 | 13344 | 13344 | 128 | 2132 | 834 | 440 | 0.02 | 25.961039
Pajek | Reuters911_Day_14 | 13344 | 13344 | 128 | 2695 | 834 | 531 | 0.02 | 26.361055
Pajek | Reuters911_Day_15 | 13344 | 13344 | 128 | 5754 | 834 | 745 | 0.03 | 37.561504
Pajek | Reuters911_Day_16 | 13344 | 13344 | 128 | 4893 | 834 | 697 | 0.03 | 38.441536
Pajek | Reuters911_Day_17 | 13344 | 13344 | 128 | 3687 | 834 | 612 | 0.02 | 32.461300
Pajek | Reuters911_Day_18 | 13344 | 13344 | 128 | 3405 | 834 | 602 | 0.02 | 29.521181
Pajek | Reuters911_Day_19 | 13344 | 13344 | 128 | 1885 | 834 | 419 | 0.02 | 23.980959
Pajek | Reuters911_Day_20 | 13344 | 13344 | 128 | 2983 | 834 | 527 | 0.02 | 28.401136
Pajek | Reuters911_Day_21 | 13344 | 13344 | 128 | 3543 | 834 | 610 | 0.02 | 28.621145
Pajek | Reuters911_Day_22 | 13344 | 13344 | 128 | 3566 | 834 | 616 | 0.02 | 30.461218
Pajek | Reuters911_Day_23 | 13344 | 13344 | 128 | 2993 | 834 | 548 | 0.02 | 27.901115
Pajek | Reuters911_Day_24 | 13344 | 13344 | 128 | 2396 | 834 | 478 | 0.02 | 27.281092
Pajek | Reuters911_Day_25 | 13344 | 13344 | 128 | 3822 | 834 | 626 | 0.02 | 31.121244
Pajek | Reuters911_Day_26 | 13344 | 13344 | 128 | 3125 | 834 | 559 | 0.02 | 31.181248
Pajek | Reuters911_Day_27 | 13344 | 13344 | 128 | 3610 | 834 | 592 | 0.02 | 31.141245
Pajek | Reuters911_Day_28 | 13344 | 13344 | 128 | 3816 | 834 | 628 | 0.02 | 29.861195
Pajek | Reuters911_Day_29 | 13344 | 13344 | 128 | 2841 | 834 | 540 | 0.02 | 27.381096
Pajek | Reuters911_Day_30 | 13344 | 13344 | 128 | 3076 | 834 | 582 | 0.02 | 29.941198
Pajek | Reuters911_Day_31 | 13344 | 13344 | 128 | 4025 | 834 | 664 | 0.02 | 33.481339
Pajek | Reuters911_Day_32 | 13344 | 13344 | 128 | 3124 | 834 | 555 | 0.02 | 27.741110
Pajek | Reuters911_Day_33 | 13344 | 13344 | 128 | 3032 | 834 | 560 | 0.02 | 28.021120
Pajek | Reuters911_Day_34 | 13344 | 13344 | 128 | 3068 | 834 | 550 | 0.02 | 28.461138
Pajek | Reuters911_Day_35 | 13344 | 13344 | 128 | 3548 | 834 | 591 | 0.02 | 27.721109
Pajek | Reuters911_Day_36 | 13344 | 13344 | 128 | 3822 | 834 | 613 | 0.02 | 30.601225
Pajek | Reuters911_Day_37 | 13344 | 13344 | 128 | 3675 | 834 | 632 | 0.02 | 33.141327
Pajek | Reuters911_Day_38 | 13344 | 13344 | 128 | 2941 | 834 | 555 | 0.02 | 28.281132
Pajek | Reuters911_Day_39 | 13344 | 13344 | 128 | 3568 | 834 | 604 | 0.02 | 32.241291
Pajek | Reuters911_Day_40 | 13344 | 13344 | 128 | 3133 | 834 | 547 | 0.02 | 26.261051
Pajek | Reuters911_Day_41 | 13344 | 13344 | 128 | 2774 | 834 | 527 | 0.02 | 27.561102
Pajek | Reuters911_Day_42 | 13344 | 13344 | 128 | 2243 | 834 | 447 | 0.02 | 25.081003
Pajek | Reuters911_Day_43 | 13344 | 13344 | 128 | 2374 | 834 | 486 | 0.02 | 26.341053
Pajek | Reuters911_Day_44 | 13344 | 13344 | 128 | 2935 | 834 | 542 | 0.02 | 27.421097
Pajek | Reuters911_Day_45 | 13344 | 13344 | 128 | 2579 | 834 | 509 | 0.02 | 26.801071
Pajek | Reuters911_Day_46 | 13344 | 13344 | 128 | 2487 | 834 | 487 | 0.02 | 24.140966
Pajek | Reuters911_Day_47 | 13344 | 13344 | 128 | 3200 | 834 | 572 | 0.02 | 30.421217
Pajek | Reuters911_Day_48 | 13344 | 13344 | 128 | 2919 | 834 | 546 | 0.02 | 28.301132
Pajek | Reuters911_Day_49 | 13344 | 13344 | 128 | 3135 | 834 | 552 | 0.02 | 29.661186
Pajek | Reuters911_Day_50 | 13344 | 13344 | 128 | 3182 | 834 | 580 | 0.02 | 27.601105
Pajek | Reuters911_Day_51 | 13344 | 13344 | 128 | 2889 | 834 | 544 | 0.02 | 26.161047
Pajek | Reuters911_Day_52 | 13344 | 13344 | 128 | 3523 | 834 | 595 | 0.02 | 29.601185
Pajek | Reuters911_Day_53 | 13344 | 13344 | 128 | 3465 | 834 | 583 | 0.02 | 31.181248
Pajek | Reuters911_Day_54 | 13344 | 13344 | 128 | 3390 | 834 | 582 | 0.02 | 28.061123
Pajek | Reuters911_Day_55 | 13344 | 13344 | 128 | 2652 | 834 | 507 | 0.02 | 25.801031
Pajek | Reuters911_Day_56 | 13344 | 13344 | 128 | 3988 | 834 | 659 | 0.02 | 33.621346
Pajek | Reuters911_Day_57 | 13344 | 13344 | 128 | 1889 | 834 | 413 | 0.02 | 22.800913
Pajek | Reuters911_Day_58 | 13344 | 13344 | 128 | 2181 | 834 | 455 | 0.02 | 25.761030
Pajek | Reuters911_Day_59 | 13344 | 13344 | 128 | 3095 | 834 | 546 | 0.02 | 30.281212
Pajek | Reuters911_Day_60 | 13344 | 13344 | 128 | 2883 | 834 | 532 | 0.02 | 27.421097
Pajek | Reuters911_Day_61 | 13344 | 13344 | 128 | 2576 | 834 | 517 | 0.02 | 26.881075
Pajek | Reuters911_Day_62 | 13344 | 13344 | 128 | 1997 | 834 | 433 | 0.02 | 22.660906
Pajek | Reuters911_Day_63 | 13344 | 13344 | 128 | 1955 | 834 | 445 | 0.02 | 24.400976
Pajek | Reuters911_Day_64 | 13344 | 13344 | 128 | 2350 | 834 | 455 | 0.02 | 25.921038
Pajek | Reuters911_Day_65 | 13344 | 13344 | 128 | 2132 | 834 | 441 | 0.02 | 26.581062
Pajek | Reuters911_Day_66 | 13344 | 13344 | 128 | 2274 | 834 | 464 | 0.02 | 27.041082
Pajek | Sandi_authors | 96 | 96 | 128 | 124 | 6 | 9 | 0.05 | 4.880195
Pajek | SciMet | 3088 | 3088 | 128 | 10413 | 193 | 652 | 0.06 | 44.081764
Pajek | SmaGri | 1072 | 1072 | 128 | 4919 | 67 | 273 | 0.07 | 36.821472
Pajek | SmallW | 400 | 400 | 128 | 994 | 25 | 50 | 0.08 | 12.540502
Pajek | Stranke94 | 16 | 16 | 128 | 45 | 1 | 1 | 0.18 | 6.940278
Pajek | USAir97 | 336 | 336 | 128 | 2126 | 21 | 66 | 0.13 | 7.440298
Pajek | Wordnet3 | 82672 | 82672 | 128 | 132964 | 5167 | 7948 | 0.07 | 318.852753
Pajek | WorldCities | 320 | 112 | 128 | 7518 | 20 | 121 | 0.24 | 14.120564
Pajek | Zewail | 6752 | 6752 | 128 | 54233 | 422 | 3225 | 0.07 | 166.626663
Pajek | foldoc | 13360 | 13360 | 128 | 120238 | 835 | 4430 | 0.11 | 161.606461
Pajek | football | 48 | 48 | 128 | 118 | 3 | 4 | 0.12 | 8.040321
Pajek | geom | 7344 | 7344 | 128 | 11898 | 459 | 944 | 0.05 | 39.201569
Pajek | internet | 124656 | 124656 | 128 | 207214 | 7791 | 14701 | 0.06 | 571.762878
VDOL | dynamicSoaringProblem_1 | 656 | 656 | 128 | 2865 | 41 | 111 | 0.1 | 11.800472
VDOL | dynamicSoaringProblem_2 | 1600 | 1600 | 128 | 8241 | 100 | 274 | 0.12 | 22.640905
VDOL | dynamicSoaringProblem_3 | 2880 | 2880 | 128 | 16818 | 180 | 494 | 0.13 | 32.681309
VDOL | dynamicSoaringProblem_4 | 3200 | 3200 | 128 | 19155 | 200 | 548 | 0.14 | 35.221409
VDOL | dynamicSoaringProblem_5 | 3280 | 3280 | 128 | 19314 | 205 | 566 | 0.13 | 36.941479
VDOL | dynamicSoaringProblem_6 | 3440 | 3440 | 128 | 19335 | 215 | 590 | 0.13 | 39.261570
VDOL | dynamicSoaringProblem_7 | 3520 | 3520 | 128 | 19827 | 220 | 604 | 0.13 | 40.061604
VDOL | dynamicSoaringProblem_8 | 3552 | 3552 | 128 | 20064 | 222 | 610 | 0.13 | 40.261612
VDOL | freeFlyingRobot_1 | 800 | 800 | 128 | 2861 | 50 | 131 | 0.09 | 12.700508
VDOL | freeFlyingRobot_10 | 5232 | 5232 | 128 | 21604 | 327 | 895 | 0.09 | 80.423218
VDOL | freeFlyingRobot_11 | 5440 | 5440 | 128 | 21657 | 340 | 928 | 0.09 | 87.723511
VDOL | freeFlyingRobot_12 | 5584 | 5584 | 128 | 22642 | 349 | 953 | 0.09 | 85.463417
VDOL | freeFlyingRobot_13 | 5728 | 5728 | 128 | 23711 | 358 | 977 | 0.09 | 89.263573
VDOL | freeFlyingRobot_14 | 5968 | 5968 | 128 | 23435 | 373 | 1019 | 0.09 | 92.343697
VDOL | freeFlyingRobot_15 | 6048 | 6048 | 128 | 23499 | 378 | 1032 | 0.09 | 92.143684
VDOL | freeFlyingRobot_16 | 6080 | 6080 | 128 | 23825 | 380 | 1038 | 0.09 | 91.583664
VDOL | freeFlyingRobot_2 | 1344 | 1344 | 128 | 6200 | 84 | 230 | 0.11 | 19.340775
VDOL | freeFlyingRobot_3 | 1728 | 1728 | 128 | 6975 | 108 | 290 | 0.09 | 24.920998
VDOL | freeFlyingRobot_4 | 2368 | 2368 | 128 | 9815 | 148 | 403 | 0.1 | 37.501499
VDOL | freeFlyingRobot_5 | 2880 | 2880 | 128 | 13153 | 180 | 494 | 0.1 | 43.661747
VDOL | freeFlyingRobot_6 | 3360 | 3360 | 128 | 14521 | 210 | 576 | 0.1 | 49.581982
VDOL | freeFlyingRobot_7 | 3920 | 3920 | 128 | 16697 | 245 | 673 | 0.1 | 63.562542
VDOL | freeFlyingRobot_8 | 4400 | 4400 | 128 | 18797 | 275 | 756 | 0.1 | 69.582787
VDOL | freeFlyingRobot_9 | 4784 | 4784 | 128 | 21414 | 299 | 819 | 0.1 | 73.702950
VDOL | goddardRocketProblem_1 | 832 | 832 | 128 | 4457 | 52 | 158 | 0.11 | 13.240530
VDOL | goddardRocketProblem_2 | 880 | 880 | 128 | 4746 | 55 | 177 | 0.1 | 14.700588
VDOL | hangGlider_1 | 368 | 368 | 128 | 1838 | 23 | 75 | 0.1 | 10.060403
VDOL | hangGlider_2 | 1648 | 1648 | 128 | 7834 | 103 | 353 | 0.09 | 50.882034
VDOL | hangGlider_3 | 10272 | 10272 | 128 | 49201 | 642 | 2206 | 0.09 | 258.030334
VDOL | hangGlider_4 | 15568 | 15568 | 128 | 79088 | 973 | 3348 | 0.09 | 432.957306
VDOL | hangGlider_5 | 16016 | 16016 | 128 | 82070 | 1001 | 3444 | 0.09 | 495.359802
VDOL | kineticBatchReactor_1 | 2064 | 2064 | 128 | 10836 | 129 | 538 | 0.08 | 35.661427
VDOL | kineticBatchReactor_2 | 4368 | 4368 | 128 | 23559 | 273 | 1127 | 0.08 | 59.302372
VDOL | kineticBatchReactor_3 | 5088 | 5088 | 128 | 27937 | 318 | 1331 | 0.08 | 80.343216
VDOL | kineticBatchReactor_4 | 7120 | 7120 | 128 | 39290 | 445 | 1872 | 0.08 | 102.604103
VDOL | kineticBatchReactor_5 | 7648 | 7648 | 128 | 42379 | 478 | 2004 | 0.08 | 120.444817
VDOL | kineticBatchReactor_6 | 7776 | 7776 | 128 | 43280 | 486 | 2044 | 0.08 | 118.124725
VDOL | kineticBatchReactor_7 | 7968 | 7968 | 128 | 44335 | 498 | 2085 | 0.08 | 120.244812
VDOL | kineticBatchReactor_8 | 8064 | 8064 | 128 | 44700 | 504 | 2109 | 0.08 | 128.285126
VDOL | kineticBatchReactor_9 | 8128 | 8128 | 128 | 45211 | 508 | 2137 | 0.08 | 129.045166
VDOL | lowThrust_1 | 592 | 592 | 128 | 3314 | 37 | 144 | 0.09 | 17.760710
VDOL | lowThrust_10 | 18272 | 18272 | 128 | 116074 | 1142 | 4627 | 0.1 | 338.493530
VDOL | lowThrust_11 | 18368 | 18368 | 128 | 117002 | 1148 | 4653 | 0.1 | 347.633911
VDOL | lowThrust_12 | 18464 | 18464 | 128 | 117423 | 1154 | 4676 | 0.1 | 345.213806
VDOL | lowThrust_13 | 18480 | 18480 | 128 | 117580 | 1155 | 4680 | 0.1 | 346.173859
VDOL | lowThrust_2 | 2320 | 2320 | 128 | 13772 | 145 | 582 | 0.09 | 46.441856
VDOL | lowThrust_3 | 7072 | 7072 | 128 | 42284 | 442 | 1786 | 0.09 | 130.765228
VDOL | lowThrust_4 | 13568 | 13568 | 128 | 84240 | 848 | 3434 | 0.1 | 253.670151
VDOL | lowThrust_5 | 16272 | 16272 | 128 | 103701 | 1017 | 4117 | 0.1 | 303.912170
VDOL | lowThrust_6 | 16928 | 16928 | 128 | 108376 | 1058 | 4288 | 0.1 | 318.152740
VDOL | lowThrust_7 | 17392 | 17392 | 128 | 110607 | 1087 | 4402 | 0.1 | 325.673035
VDOL | lowThrust_8 | 17712 | 17712 | 128 | 113139 | 1107 | 4482 | 0.1 | 332.113281
VDOL | lowThrust_9 | 18048 | 18048 | 128 | 114806 | 1128 | 4569 | 0.1 | 338.773560
VDOL | orbitRaising_1 | 448 | 448 | 128 | 1573 | 28 | 68 | 0.09 | 7.200288
VDOL | orbitRaising_2 | 752 | 752 | 128 | 3464 | 47 | 118 | 0.11 | 10.540421
VDOL | orbitRaising_3 | 768 | 768 | 128 | 3256 | 48 | 125 | 0.1 | 10.460419
VDOL | orbitRaising_4 | 928 | 928 | 128 | 4144 | 58 | 146 | 0.11 | 11.060442
VDOL | reorientation_1 | 688 | 688 | 128 | 3861 | 43 | 182 | 0.08 | 25.261011
VDOL | reorientation_2 | 1552 | 1552 | 128 | 9408 | 97 | 421 | 0.09 | 42.061684
VDOL | reorientation_3 | 2528 | 2528 | 128 | 16821 | 158 | 688 | 0.1 | 89.323570
VDOL | reorientation_4 | 2720 | 2720 | 128 | 17613 | 170 | 747 | 0.09 | 71.842873
VDOL | reorientation_5 | 2912 | 2912 | 128 | 18648 | 182 | 798 | 0.09 | 99.903999
VDOL | reorientation_6 | 3008 | 3008 | 128 | 19554 | 188 | 824 | 0.09 | 84.063362
VDOL | reorientation_7 | 3072 | 3072 | 128 | 19473 | 192 | 838 | 0.09 | 111.164444
VDOL | reorientation_8 | 3120 | 3120 | 128 | 19860 | 195 | 851 | 0.09 | 84.783394
VDOL | spaceShuttleEntry_1 | 560 | 560 | 128 | 3605 | 35 | 167 | 0.08 | 20.560822
VDOL | spaceShuttleEntry_2 | 1440 | 1440 | 128 | 12444 | 90 | 431 | 0.11 | 41.641666
VDOL | spaceShuttleEntry_3 | 1840 | 1840 | 128 | 14902 | 115 | 556 | 0.1 | 50.602024
VDOL | spaceShuttleEntry_4 | 2464 | 2464 | 128 | 20534 | 154 | 742 | 0.11 | 69.482780
VDOL | spaceStation_1 | 112 | 112 | 128 | 489 | 7 | 13 | 0.15 | 5.500220
VDOL | spaceStation_10 | 1280 | 1280 | 128 | 9096 | 80 | 376 | 0.09 | 28.181128
VDOL | spaceStation_11 | 1376 | 1376 | 128 | 9860 | 86 | 406 | 0.09 | 37.561504
VDOL | spaceStation_12 | 1424 | 1424 | 128 | 10260 | 89 | 418 | 0.1 | 36.821472
VDOL | spaceStation_13 | 1632 | 1632 | 128 | 12279 | 102 | 484 | 0.1 | 36.941479
VDOL | spaceStation_14 | 1648 | 1648 | 128 | 12623 | 103 | 489 | 0.1 | 37.041481
VDOL | spaceStation_2 | 336 | 336 | 128 | 2999 | 21 | 88 | 0.13 | 11.580463
VDOL | spaceStation_3 | 480 | 480 | 128 | 2681 | 30 | 135 | 0.08 | 12.320493
VDOL | spaceStation_4 | 960 | 960 | 128 | 7079 | 60 | 286 | 0.1 | 27.821114
VDOL | spaceStation_5 | 1024 | 1024 | 128 | 7895 | 64 | 304 | 0.1 | 29.121164
VDOL | spaceStation_6 | 1120 | 1120 | 128 | 9109 | 70 | 330 | 0.11 | 29.121164
VDOL | spaceStation_7 | 1136 | 1136 | 128 | 9444 | 71 | 341 | 0.11 | 28.741150
VDOL | spaceStation_8 | 1168 | 1168 | 128 | 9797 | 73 | 350 | 0.11 | 28.841154
VDOL | spaceStation_9 | 1184 | 1184 | 128 | 10168 | 74 | 358 | 0.11 | 28.941158
VDOL | tumorAntiAngiogenesis_1 | 208 | 208 | 128 | 953 | 13 | 39 | 0.1 | 9.000360
VDOL | tumorAntiAngiogenesis_2 | 320 | 320 | 128 | 1441 | 20 | 58 | 0.1 | 11.540462
VDOL | tumorAntiAngiogenesis_3 | 416 | 416 | 128 | 2099 | 26 | 79 | 0.1 | 13.540542
VDOL | tumorAntiAngiogenesis_4 | 464 | 464 | 128 | 2433 | 29 | 89 | 0.11 | 16.080643
VDOL | tumorAntiAngiogenesis_5 | 464 | 464 | 128 | 2483 | 29 | 90 | 0.11 | 16.400656
VDOL | tumorAntiAngiogenesis_6 | 480 | 480 | 128 | 2537 | 30 | 90 | 0.11 | 16.160646
VDOL | tumorAntiAngiogenesis_7 | 480 | 480 | 128 | 2441 | 30 | 93 | 0.1 | 16.080643
VDOL | tumorAntiAngiogenesis_8 | 496 | 496 | 128 | 2535 | 31 | 95 | 0.1 | 18.120726
