20
39
50
51
52
72
73
77
79
82
83
84
85
86
87
88
89
90
91
103
105
106
107
112
113
113
113
113
113
113
113
113
50
51
52
114
115
116
117
118
119
120
121
122
123
124
125
126
127
128
129
130
131
131
131
131
131
131
131
131
131
131
131
131
61
62
63
64
65
66
67
68
69
70
71
72
73
127
128
129
130
135
136
137
137
137
137
137
137
137
137
137
137
137
137
137
2
3
4
5
8
47
49
53
54
57
58
59
132
133
134
136
137
138
139
140
141
142
144
145
145
145
145
145
145
145
145
145
55
56
57
59
60
92
93
94
95
96
97
98
99
100
101
102
103
104
143
146
146
146
146
146
146
146
146
146
146
146
146
146
74
75
76
77
78
79
80
81
102
104
142
143
144
145
146
147
148
149
150
151
152
153
154
155
155
155
155
155
155
155
155
155
8
34
35
36
40
41
42
43
44
47
49
53
54
55
56
80
81
108
109
110
111
112
113
145
145
145
145
145
145
145
145
145
6
7
8
28
29
30
31
32
33
34
36
37
38
39
45
46
47
48
49
53
55
56
59
110
112
113
113
113
113
113
113
113
2
15
16
17
18
19
20
21
22
23
24
25
26
27
57
58
60
108
109
110
111
123
125
126
132
133
134
134
134
134
134
134
0
1
2
9
10
11
12
13
14
15
19
26
27
108
123
124
125
126
132
134
134
134
134
134
134
134
134
134
134
134
134
134
