0
1
2
3
4
5
191
192
213
226
227
228
229
230
307
307
6
7
8
9
10
11
12
13
14
15
16
17
18
19
20
192
213
231
232
233
234
235
236
237
238
239
240
241
242
243
307
307
21
22
23
24
25
26
27
28
29
30
31
32
192
213
244
245
246
247
248
249
250
251
252
253
254
255
307
307
307
307
307
307
21
22
23
24
33
34
35
36
37
192
193
213
214
244
245
246
247
256
257
258
259
307
308
308
308
308
308
308
308
308
308
308
2
37
193
214
227
259
308
308
308
308
308
308
308
308
308
308
2
37
38
39
193
214
227
259
260
308
308
308
308
308
308
308
38
40
41
42
43
193
194
195
214
215
260
261
262
263
264
308
309
309
309
309
309
309
309
309
309
309
309
309
309
309
309
309
13
38
43
44
195
196
215
216
237
260
264
309
310
310
310
310
11
12
13
44
196
197
216
235
236
237
310
310
310
310
310
310
10
11
12
44
45
46
47
197
198
216
217
234
235
236
265
266
267
310
311
311
311
311
311
311
311
311
311
311
311
311
311
311
45
47
48
49
50
199
200
217
218
265
267
268
269
270
311
312
37
47
51
52
53
54
200
201
218
259
267
271
272
273
312
312
37
38
43
47
55
56
57
201
202
218
219
259
260
264
267
274
312
313
313
313
313
313
313
313
313
313
313
313
313
313
313
313
13
55
56
57
58
59
60
61
62
202
219
237
274
275
276
277
313
313
313
313
313
313
313
313
313
313
313
313
313
313
313
313
55
57
59
62
202
219
274
277
313
313
313
313
313
313
313
313
49
52
53
54
57
63
64
65
66
202
203
219
220
269
271
272
273
278
279
313
314
314
314
314
314
314
314
314
314
314
314
314
52
53
65
66
67
68
69
203
220
271
272
279
280
314
314
314
52
53
65
66
69
70
203
204
220
271
272
279
314
314
314
314
67
68
71
72
73
204
220
280
281
282
283
314
314
314
314
314
52
53
65
66
67
68
69
71
74
204
220
271
272
279
280
281
314
314
314
314
314
314
314
314
314
314
314
314
314
314
314
314
64
65
70
74
75
204
220
279
314
314
314
314
314
314
314
314
49
54
63
64
65
74
76
204
220
269
273
278
279
284
314
314
49
54
63
64
65
74
75
76
204
220
269
273
278
279
284
314
52
53
65
66
67
70
204
220
271
272
279
314
314
314
314
314
54
64
65
69
70
74
76
204
220
273
279
284
314
314
314
314
40
41
49
54
63
204
205
220
221
261
262
269
273
278
314
315
0
40
41
77
78
79
205
221
261
262
285
315
315
315
315
315
48
80
81
82
83
84
85
86
87
88
89
90
91
92
205
221
268
286
287
288
289
315
315
315
315
315
315
315
315
315
315
315
48
89
90
91
92
93
94
95
96
97
98
205
221
268
286
287
288
289
290
291
292
293
294
315
315
315
315
315
315
315
315
315
45
49
52
65
76
99
100
101
102
103
205
221
265
269
271
279
284
295
296
315
315
315
315
315
315
315
315
315
315
315
315
315
1
3
4
10
42
104
105
106
107
108
109
110
205
221
226
228
229
234
263
297
315
315
315
315
315
315
315
315
315
315
315
315
7
8
10
111
112
113
114
115
116
117
118
119
205
221
231
232
234
315
315
315
315
315
315
315
315
315
315
315
315
315
315
315
8
10
12
13
114
115
116
117
120
121
122
123
124
125
205
221
232
234
236
237
315
315
315
315
315
315
315
315
315
315
315
315
13
14
15
55
124
125
126
127
128
129
130
205
221
237
238
239
274
315
315
315
315
315
315
315
315
315
315
315
315
315
315
315
12
13
55
124
130
131
132
133
134
205
206
221
236
237
274
315
7
38
42
106
107
109
110
112
120
121
122
123
206
221
231
260
263
315
315
315
315
315
315
315
315
315
315
315
315
315
315
315
7
10
110
111
112
113
114
115
116
117
118
119
206
221
231
234
315
315
315
315
315
315
315
315
315
315
315
315
315
315
315
315
12
13
55
120
121
122
123
125
129
130
131
132
206
221
236
237
274
315
315
315
315
315
315
315
315
315
315
315
315
315
315
315
21
24
36
60
61
130
132
133
134
135
136
137
207
221
244
247
258
275
276
298
299
300
315
315
315
315
315
315
315
315
315
315
18
19
20
21
36
119
137
138
139
140
141
207
221
241
242
243
244
258
300
301
302
303
304
315
315
315
315
315
315
315
315
315
5
7
10
106
114
115
116
117
118
119
207
221
230
231
234
315
1
3
4
45
48
98
99
100
101
102
103
105
106
107
207
221
226
228
229
265
268
294
295
296
297
315
315
315
315
315
315
315
0
77
78
79
80
81
82
83
85
87
88
89
142
207
221
285
286
315
315
315
315
315
315
315
315
315
315
315
315
315
315
315
0
40
41
94
143
144
145
207
208
221
222
261
262
291
305
306
315
316
316
316
316
316
316
316
316
316
316
316
316
316
316
316
93
94
95
96
143
144
145
208
222
290
291
292
293
305
306
316
40
41
90
91
93
143
208
209
210
222
223
261
262
287
288
290
305
316
317
317
317
317
317
317
317
317
317
317
317
317
317
317
40
41
91
93
94
143
210
211
223
224
261
262
288
290
291
305
317
318
318
318
318
318
318
318
318
318
318
318
318
318
318
318
0
40
41
99
146
147
148
149
211
224
261
262
318
318
318
318
0
99
146
147
148
149
211
224
318
318
318
318
318
318
318
318
0
99
146
147
148
149
211
212
224
225
318
319
319
319
319
319
0
77
150
151
152
153
154
155
156
157
158
159
160
161
212
225
285
319
319
319
319
319
319
319
319
319
319
319
319
319
319
319
95
144
154
155
156
157
158
160
162
163
164
165
166
167
168
169
212
225
292
306
319
319
319
319
319
319
319
319
319
319
319
319
72
73
94
95
96
144
167
168
169
170
171
172
173
174
212
225
282
283
291
292
293
306
319
319
319
319
319
319
319
319
319
319
68
71
72
73
94
172
173
174
175
176
177
212
225
280
281
282
283
291
319
319
319
319
319
319
319
319
319
319
319
319
319
319
46
48
49
50
63
89
90
91
92
93
98
99
100
178
179
180
212
225
266
268
269
270
278
286
287
288
289
290
294
319
319
319
2
37
47
49
50
63
99
100
101
102
178
179
180
181
182
212
225
227
259
267
269
270
278
295
296
319
319
319
319
319
319
319
21
22
23
24
35
36
43
55
60
61
62
135
136
137
183
212
225
244
245
246
247
257
258
264
274
275
276
277
298
299
300
319
19
20
21
25
32
33
36
137
138
184
185
186
187
188
212
225
242
243
244
248
255
256
258
300
301
319
319
319
319
319
319
319
24
25
26
27
28
29
30
31
32
33
35
187
188
212
225
247
248
249
250
251
252
253
254
255
256
257
319
319
319
319
319
319
17
18
27
28
29
30
31
32
33
137
138
184
185
186
212
225
240
241
250
251
252
253
254
255
256
300
301
319
319
319
319
319
7
9
17
18
19
20
21
139
140
141
212
225
231
233
240
241
242
243
244
302
303
304
319
319
319
319
319
319
319
319
319
319
22
23
24
43
55
60
61
62
135
136
183
189
190
212
225
245
246
247
264
274
275
276
277
298
299
319
319
319
319
319
319
319
1
2
37
45
46
47
98
99
100
101
102
105
178
181
182
212
225
226
227
259
265
266
267
294
295
296
297
319
319
319
319
319
48
89
90
91
92
93
94
95
96
155
156
157
163
164
165
166
212
225
268
286
287
288
289
290
291
292
293
319
319
319
319
319
0
77
150
151
152
153
162
212
225
285
319
319
319
319
319
319
