0
3
6
9
12
15
18
21
24
27
30
32
35
37
39
41
43
45
47
49
52
55
58
61
64
67
70
73
76
78
80
82
84
86
88
90
92
95
98
101
104
107
110
113
116
119
121
123
125
127
129
131
133
135
138
141
144
147
150
152
155
157
159
161
163
165
167
169
171
174
177
180
183
186
188
190
192
194
196
198
200
202
204
207
210
213
216
219
221
223
225
227
229
231
233
235
238
241
244
247
250
253
255
257
259
261
263
265
267
270
273
276
279
282
284
286
288
290
292
294
296
298
301
304
307
310
312
315
318
320
322
324
326
328
330
333
336
339
342
345
348
350
352
354
356
358
360
362
365
367
370
372
374
376
378
380
382
384
386
389
392
395
397
399
401
403
405
407
409
411
414
417
420
422
424
426
428
430
432
434
436
438
440
442
444
446
448
450
452
454
457
459
461
463
465
467
469
471
473
476
478
480
482
484
486
488
491
493
495
497
499
501
503
505
507
509
511
513
515
517
519
521
523
525
527
529
531
533
536
538
540
542
544
547
549
551
553
555
557
559
561
563
565
567
569
571
573
575
577
579
581
583
585
587
589
591
593
595
597
599
601
603
605
606
