584
585
586
587
588
589
590
591
592
593
594
595
596
597
598
599
613
614
615
616
617
618
619
620
621
622
623
624
625
626
627
628
629
629
629
629
629
629
629
629
629
629
629
629
629
629
629
629
559
560
561
562
563
564
565
566
567
568
569
570
580
581
582
583
609
610
611
612
616
617
618
619
620
621
622
623
624
625
626
627
628
629
629
629
629
629
629
629
629
629
629
629
629
629
629
629
534
535
536
537
538
539
540
541
542
552
553
554
555
556
557
558
600
601
602
603
604
605
606
611
612
613
621
622
623
624
625
626
627
628
628
628
628
628
628
628
628
628
628
628
628
628
628
628
509
510
511
512
513
514
515
525
526
527
528
529
530
531
532
533
600
601
602
604
605
607
608
609
610
614
615
616
617
618
624
625
626
627
627
627
627
627
627
627
627
627
627
627
627
627
627
627
484
485
486
487
488
489
499
500
501
502
503
504
505
506
507
508
600
601
603
604
606
607
608
609
610
612
614
615
616
619
620
621
625
626
626
626
626
626
626
626
626
626
626
626
626
626
626
626
459
460
461
462
463
464
474
475
476
477
478
479
480
481
482
483
600
602
603
605
606
607
608
609
611
613
614
615
617
619
620
623
624
625
625
625
625
625
625
625
625
625
625
625
625
625
625
625
434
435
436
437
438
439
449
450
451
452
453
454
455
456
457
458
601
602
603
605
606
607
608
610
611
613
614
615
616
618
620
622
623
624
624
624
624
624
624
624
624
624
624
624
624
624
624
624
409
410
411
412
413
414
424
425
426
427
428
429
430
431
432
433
600
602
603
604
606
607
608
609
611
612
614
615
616
617
619
621
622
623
623
623
623
623
623
623
623
623
623
623
623
623
623
623
384
385
386
387
388
389
399
400
401
402
403
404
405
406
407
408
600
601
603
605
606
607
608
609
610
612
613
614
615
617
618
620
621
622
622
622
622
622
622
622
622
622
622
622
622
622
622
622
359
360
361
362
363
364
365
375
376
377
378
379
380
381
382
383
601
602
603
604
606
607
608
609
610
611
612
613
615
618
619
620
621
621
621
621
621
621
621
621
621
621
621
621
621
621
621
621
334
335
336
337
338
339
340
341
342
352
353
354
355
356
357
358
600
601
603
604
605
607
608
609
610
611
612
614
616
617
619
620
309
310
311
312
313
314
315
316
317
318
319
329
330
331
332
333
600
601
602
604
605
606
607
608
609
610
611
613
614
616
617
618
619
619
619
619
619
619
619
619
619
619
619
619
619
619
619
619
275
285
286
287
288
289
290
291
292
293
294
295
296
306
307
308
600
601
602
603
604
605
607
608
609
611
612
613
615
616
617
618
250
251
252
253
254
264
265
266
267
268
269
270
271
272
273
274
601
602
603
604
605
606
607
608
610
611
612
613
614
615
616
616
216
226
227
228
229
230
231
232
233
234
235
245
246
247
248
249
600
601
602
603
604
605
607
609
610
611
613
614
615
615
615
615
191
192
193
194
195
196
197
207
208
209
210
211
212
213
214
215
600
601
602
603
604
605
606
607
609
610
611
612
613
613
613
613
157
158
159
160
161
162
172
173
174
175
176
177
178
188
189
190
600
601
602
603
604
605
606
608
610
611
612
612
612
612
612
612
114
115
116
117
127
128
129
130
140
141
142
143
144
145
146
156
600
601
602
603
604
605
606
607
608
609
610
610
610
610
610
610
75
76
77
78
88
89
90
91
101
102
103
104
567
568
569
570
595
596
597
598
599
600
601
602
603
604
605
606
606
606
606
606
542
543
544
545
546
547
548
549
559
560
561
562
563
564
565
566
571
572
573
574
576
577
578
587
588
589
590
591
592
593
594
597
598
599
599
599
599
599
599
599
599
599
599
599
599
599
599
599
517
518
519
520
521
522
532
533
534
535
536
537
538
539
540
541
572
573
575
576
577
579
580
581
582
583
584
592
593
594
595
596
598
598
598
598
598
598
598
598
598
598
598
598
598
598
598
598
492
493
494
495
496
506
507
508
509
510
511
512
513
514
515
516
571
574
575
576
578
579
580
581
583
585
586
587
588
589
595
596
597
598
598
598
598
598
598
598
598
598
598
598
598
598
598
598
467
468
469
470
471
481
482
483
484
485
486
487
488
489
490
491
571
572
574
575
577
578
579
580
582
584
585
586
587
590
591
592
596
597
597
597
597
597
597
597
597
597
597
597
597
597
597
597
442
443
444
445
446
456
457
458
459
460
461
462
463
464
465
466
571
573
574
575
577
578
579
581
582
584
585
586
588
590
591
594
595
596
596
596
596
596
596
596
596
596
596
596
596
596
596
596
417
418
419
420
421
431
432
433
434
435
436
437
438
439
440
441
572
573
574
575
576
578
579
580
582
583
585
586
587
589
591
593
594
595
595
595
595
595
595
595
595
595
595
595
595
595
595
595
392
393
394
395
396
406
407
408
409
410
411
412
413
414
415
416
571
573
574
575
577
578
579
580
581
584
585
586
587
588
590
592
593
594
594
594
594
594
594
594
594
594
594
594
594
594
594
594
367
368
369
370
371
372
382
383
384
385
386
387
388
389
390
391
571
572
573
574
575
576
578
579
581
582
583
585
586
588
589
591
592
593
593
593
593
593
593
593
593
593
593
593
593
593
593
593
342
343
344
345
346
347
348
349
359
360
361
362
363
364
365
366
571
572
574
575
576
577
579
580
581
583
584
586
588
589
590
591
592
592
592
592
592
592
592
592
592
592
592
592
592
592
592
592
317
318
319
320
321
322
323
324
325
326
336
337
338
339
340
341
571
572
573
575
576
578
579
580
581
582
583
585
587
588
589
590
292
293
294
295
296
297
298
299
300
301
302
303
313
314
315
316
571
572
573
575
577
578
579
580
581
582
583
584
586
588
589
589
258
259
260
261
271
272
273
274
275
276
277
278
279
280
281
282
571
573
574
575
576
577
579
581
582
583
584
586
587
588
588
588
233
234
235
236
237
238
239
240
241
242
252
253
254
255
256
257
571
572
573
574
575
576
577
578
580
581
582
583
584
585
586
587
199
200
201
202
203
204
214
215
216
217
218
219
220
221
222
223
571
572
573
574
576
577
578
579
580
581
582
584
585
585
585
585
165
166
167
168
169
179
180
181
182
183
184
185
195
196
197
198
571
572
573
574
575
576
577
578
579
580
581
582
583
584
584
584
131
132
133
134
135
136
137
147
148
149
150
151
152
153
163
164
571
572
573
574
575
576
577
578
580
581
582
582
582
582
582
582
4
5
6
7
8
9
10
11
12
13
14
15
16
17
18
19
571
572
573
574
575
576
577
578
579
579
579
579
579
579
579
579
0
1
2
3
524
525
526
527
528
529
537
538
539
540
541
542
551
552
553
554
556
557
564
565
566
567
568
569
570
571
572
573
574
576
576
576
576
576
576
576
576
576
576
576
576
576
576
576
499
500
501
502
503
511
512
513
514
515
516
517
518
520
521
523
543
544
545
547
548
550
552
553
555
556
558
559
560
561
567
568
569
570
570
570
570
570
570
570
570
570
570
570
570
570
570
570
474
475
476
477
478
486
487
488
489
490
491
492
494
495
497
498
543
544
546
547
549
550
551
552
554
555
557
558
559
562
563
564
568
569
569
569
569
569
569
569
569
569
569
569
569
569
569
569
449
450
451
452
453
461
462
463
464
465
466
467
469
470
472
473
543
545
546
548
549
550
551
553
554
555
557
558
560
562
563
566
567
568
568
568
568
568
568
568
568
568
568
568
568
568
568
568
424
425
426
427
428
436
437
438
439
440
441
442
444
445
447
448
544
545
546
548
549
550
551
552
554
555
556
558
559
561
563
565
566
567
567
567
567
567
567
567
567
567
567
567
567
567
567
567
399
400
401
402
403
411
412
413
414
415
416
417
419
420
422
423
543
545
546
547
549
550
551
552
553
555
557
558
559
560
562
564
565
566
566
566
566
566
566
566
566
566
566
566
566
566
566
566
374
375
376
377
378
379
387
388
389
390
391
392
394
395
397
398
543
544
546
548
549
550
551
553
554
555
556
558
560
561
563
564
565
565
565
565
565
565
565
565
565
565
565
565
565
565
565
565
348
350
351
352
353
354
355
356
364
365
366
367
368
370
371
373
544
545
546
547
548
549
550
551
552
553
555
556
557
561
562
563
564
564
564
564
564
564
564
564
564
564
564
564
564
564
564
564
322
324
325
327
328
329
330
331
332
333
341
342
343
344
345
347
543
544
545
546
547
549
550
551
552
553
554
556
558
559
560
562
563
563
563
563
563
563
563
563
563
563
563
563
563
563
563
563
297
298
299
301
302
304
305
306
307
308
309
310
318
319
320
321
543
544
545
548
549
550
551
552
553
554
557
558
559
560
561
562
265
266
267
268
276
277
278
280
281
283
284
285
286
287
288
289
543
545
546
547
548
550
551
552
554
555
556
557
559
560
560
560
95
97
98
100
101
102
103
104
255
256
257
259
260
262
263
264
544
545
546
547
548
550
551
552
553
554
555
558
559
559
559
559
77
78
79
80
81
82
84
85
87
88
89
90
91
92
93
94
543
544
545
546
547
549
550
552
553
554
555
556
557
558
558
558
57
58
59
61
62
63
65
66
67
68
69
71
72
74
75
76
543
544
545
546
547
548
549
550
551
552
553
555
556
556
556
556
36
38
39
40
41
43
44
45
47
48
49
50
52
53
54
56
543
544
545
546
547
548
549
551
552
553
554
554
554
554
554
554
11
12
13
20
21
22
23
25
26
27
29
30
31
32
34
35
543
544
545
546
547
548
549
550
551
552
552
552
552
552
552
552
0
1
2
3
5
6
7
8
10
504
505
506
507
508
514
515
530
531
532
533
535
540
541
542
543
544
545
546
547
548
549
549
479
480
481
482
483
489
490
491
493
494
496
497
498
499
500
502
516
517
519
520
522
523
524
525
526
528
530
531
532
534
536
537
541
542
542
542
542
542
542
542
542
542
542
542
542
542
542
542
454
455
456
457
458
464
465
466
468
469
471
472
473
474
475
477
516
518
519
521
522
523
524
525
527
529
530
531
533
534
536
539
540
541
541
541
541
541
541
541
541
541
541
541
541
541
541
541
429
430
431
432
433
439
440
441
443
444
446
447
448
449
450
452
517
518
519
521
522
523
524
526
527
529
530
531
532
534
535
538
539
540
540
540
540
540
540
540
540
540
540
540
540
540
540
540
404
405
406
407
408
414
415
416
418
419
421
422
423
424
425
427
516
518
519
520
522
523
524
525
527
528
530
531
532
533
536
537
538
539
539
539
539
539
539
539
539
539
539
539
539
539
539
539
378
380
381
382
383
384
390
391
393
394
396
397
398
399
400
402
516
517
519
521
522
523
524
525
526
528
529
530
531
533
534
535
537
538
538
538
538
538
538
538
538
538
538
538
538
538
538
538
208
209
211
213
214
215
216
366
367
369
370
372
373
374
375
376
517
518
519
520
522
523
524
526
527
528
530
532
533
534
536
537
188
189
190
192
194
195
196
197
198
199
200
202
204
205
206
207
516
517
518
520
522
523
524
525
526
527
529
530
532
533
534
535
536
536
536
536
536
536
536
536
536
536
536
536
536
536
536
536
167
168
170
171
172
173
175
176
178
179
180
181
183
185
186
187
516
517
518
520
521
522
523
524
525
526
528
529
531
534
535
535
146
147
148
150
151
152
154
155
156
157
159
160
162
163
164
166
516
517
518
519
520
521
523
524
525
527
528
529
531
532
533
534
125
126
127
128
130
131
132
134
135
136
138
139
140
141
143
144
517
518
519
520
521
522
523
524
526
527
528
529
530
531
532
532
90
105
106
107
109
110
111
113
114
115
116
118
119
120
122
123
516
517
518
519
520
521
523
525
526
527
529
530
531
531
531
531
70
71
73
74
75
76
77
79
80
81
83
84
86
87
88
89
516
517
518
519
520
521
522
523
525
526
527
528
529
529
529
529
40
42
43
44
46
47
48
49
51
52
53
55
56
66
67
68
516
517
518
519
520
521
522
524
526
527
528
528
528
528
528
528
20
21
22
24
25
26
28
29
30
31
33
34
35
37
38
39
516
517
518
519
520
521
522
523
524
525
526
526
526
526
526
526
0
1
2
4
5
6
7
9
15
16
17
19
481
484
485
486
506
509
510
511
515
516
517
518
519
520
521
522
522
522
522
522
456
459
460
461
465
467
468
470
471
472
473
474
476
478
479
480
490
492
493
495
496
497
498
499
501
503
504
505
507
509
510
512
514
515
515
515
515
515
515
515
515
515
515
515
515
515
515
515
314
317
318
319
440
442
443
445
446
447
448
449
451
453
454
455
491
492
493
495
496
497
498
500
501
503
504
505
507
509
511
512
513
514
514
514
514
514
514
514
514
514
514
514
514
514
514
514
292
294
296
297
298
300
302
303
304
305
306
307
310
311
312
313
490
491
493
495
496
497
498
499
500
503
504
505
506
508
510
512
513
513
513
513
513
513
513
513
513
513
513
513
513
513
513
513
270
271
273
275
276
278
279
280
282
283
284
285
287
288
290
291
490
492
493
494
496
497
498
499
501
502
504
505
507
508
510
511
512
512
512
512
512
512
512
512
512
512
512
512
512
512
512
512
248
250
251
252
254
255
257
258
259
261
262
263
264
266
267
269
491
492
493
494
496
497
498
500
501
502
503
504
505
508
509
510
511
511
511
511
511
511
511
511
511
511
511
511
511
511
511
511
226
227
229
230
232
233
234
236
237
239
240
242
243
244
245
246
490
491
493
494
495
497
498
499
500
501
502
504
506
507
509
510
186
187
188
189
191
193
194
195
196
217
218
220
221
223
224
225
490
491
492
494
496
497
498
499
500
501
503
504
506
507
508
509
149
150
151
153
154
155
156
158
159
161
162
179
180
182
184
185
490
491
492
493
494
495
496
497
498
499
501
502
503
505
507
508
127
129
130
131
133
134
135
137
138
139
140
142
143
145
146
147
490
491
492
493
494
495
497
498
500
501
502
503
504
505
506
507
106
108
109
110
112
113
114
115
117
118
119
121
122
124
125
126
490
491
492
493
494
495
496
497
498
499
500
501
504
505
505
505
73
74
75
76
78
92
93
95
96
97
99
100
101
102
104
105
490
491
492
493
494
496
497
499
500
501
502
503
504
504
504
504
43
45
46
47
57
58
60
61
63
64
65
66
67
69
70
72
490
491
492
493
494
495
496
498
500
501
502
502
502
502
502
502
23
24
25
27
28
29
30
32
33
34
36
37
38
39
41
42
490
491
492
493
494
495
496
497
498
499
500
500
500
500
500
500
0
1
3
4
10
11
13
14
15
16
18
19
20
21
386
389
485
488
489
490
491
492
493
494
495
496
497
497
497
497
497
497
363
365
367
368
369
371
372
373
374
376
377
379
380
381
383
385
466
467
468
470
471
472
473
475
476
478
479
480
482
484
485
487
488
489
489
489
489
489
489
489
489
489
489
489
489
489
489
489
340
341
343
345
346
348
349
350
351
352
354
356
357
358
359
362
465
467
468
469
471
472
473
474
476
477
479
480
481
483
484
486
487
488
488
488
488
488
488
488
488
488
488
488
488
488
488
488
274
275
320
322
323
325
326
327
328
329
331
333
334
335
336
338
465
466
468
470
471
472
473
474
475
478
479
480
481
482
483
485
486
487
487
487
487
487
487
487
487
487
487
487
487
487
487
487
251
253
254
256
257
258
260
261
262
263
265
266
268
269
270
272
466
467
468
469
471
472
473
475
476
477
479
480
482
483
484
485
486
486
486
486
486
486
486
486
486
486
486
486
486
486
486
486
229
231
232
233
235
236
238
239
241
242
243
244
245
247
249
250
465
466
468
469
470
472
473
474
475
476
477
478
479
481
482
484
485
485
485
485
485
485
485
485
485
485
485
485
485
485
485
485
207
209
210
212
213
214
216
217
219
220
222
223
224
225
226
228
465
466
467
469
471
472
473
474
475
476
478
479
481
482
483
484
168
169
170
171
172
174
176
177
178
198
200
201
203
204
205
206
465
466
467
469
470
471
472
473
474
476
477
478
480
482
483
483
130
132
133
134
136
137
138
139
141
142
144
145
146
163
165
166
465
466
467
468
469
470
472
473
475
476
477
478
479
480
481
482
109
111
112
113
114
116
117
118
120
121
123
124
125
126
128
129
465
466
467
468
469
470
471
472
473
474
475
476
477
478
479
480
88
90
91
92
94
95
96
98
99
100
101
103
104
105
107
108
465
466
467
468
469
471
472
474
475
476
477
478
479
479
479
479
55
56
57
59
60
62
63
64
65
79
81
82
83
85
86
87
465
466
467
468
469
470
471
472
473
475
476
477
477
477
477
477
26
27
28
29
31
32
33
35
36
37
38
48
50
51
53
54
465
466
467
468
469
470
471
472
473
474
475
475
475
475
475
475
5
7
8
9
10
12
13
14
15
17
18
19
20
22
23
24
465
466
467
468
469
470
471
472
472
472
472
472
472
472
472
472
416
417
418
420
421
422
423
425
426
428
429
430
432
434
435
438
441
442
443
445
446
447
448
450
451
453
454
455
457
459
460
463
464
464
464
464
464
464
464
464
464
464
464
464
464
464
464
464
344
345
346
348
349
350
351
353
354
356
357
358
360
362
363
365
440
442
443
444
446
447
448
449
451
452
454
455
456
458
460
462
463
463
463
463
463
463
463
463
463
463
463
463
463
463
463
463
321
322
323
325
326
327
328
330
331
333
334
335
337
338
340
342
440
441
443
445
446
447
448
449
450
453
454
455
456
457
459
461
462
462
462
462
462
462
462
462
462
462
462
462
462
462
462
462
254
277
278
279
281
282
283
284
286
287
289
290
291
293
295
296
441
442
443
444
446
447
448
450
451
452
454
455
457
458
459
460
461
461
461
461
461
461
461
461
461
461
461
461
461
461
461
461
232
234
235
237
238
239
241
242
243
244
246
247
249
250
251
253
440
441
443
444
445
447
448
449
450
452
453
454
455
456
457
458
459
460
460
460
460
460
460
460
460
460
460
460
460
460
460
460
210
212
213
215
216
218
219
220
222
223
224
225
227
228
229
231
440
441
442
444
446
447
448
449
450
451
452
453
454
456
457
458
459
459
459
459
459
459
459
459
459
459
459
459
459
459
459
459
170
171
173
174
176
177
178
199
200
201
203
204
205
206
208
209
440
441
442
445
446
447
448
449
450
451
452
453
455
457
458
458
149
150
152
153
154
155
157
158
160
161
162
164
165
166
168
169
440
442
443
444
445
447
448
450
451
452
453
455
456
457
457
457
112
113
115
116
117
119
120
121
123
124
125
126
128
129
130
148
440
441
442
444
445
446
447
448
449
450
451
452
453
454
455
456
91
93
94
95
96
98
99
100
102
103
104
106
107
108
109
111
440
441
442
443
444
446
447
449
450
451
452
453
454
454
454
454
58
59
60
62
63
64
65
80
81
82
83
85
86
87
89
90
440
441
442
443
444
445
446
447
448
449
450
451
452
452
452
452
28
29
40
41
42
44
45
46
47
49
50
51
53
54
55
56
440
441
442
443
444
445
446
447
448
449
450
450
450
450
450
450
8
9
11
12
13
14
16
17
18
19
21
22
23
24
26
27
440
441
442
443
444
445
446
447
448
448
448
448
448
448
448
448
6
7
393
395
396
397
398
399
401
403
404
405
406
409
410
411
418
420
421
422
423
424
426
428
429
430
431
434
435
436
439
440
441
444
444
444
444
444
444
444
444
444
444
444
444
444
444
444
346
347
349
350
351
352
354
355
357
358
359
361
363
364
390
392
415
417
418
419
421
422
423
424
426
427
429
430
431
433
435
437
438
439
439
439
439
439
439
439
439
439
439
439
439
439
439
439
300
302
303
304
305
306
308
310
311
312
313
315
317
318
343
345
415
417
418
420
421
422
423
424
425
428
429
430
431
432
434
436
437
438
438
438
438
438
438
438
438
438
438
438
438
438
438
438
257
258
259
261
262
263
265
266
267
269
270
272
273
275
297
299
415
416
417
418
419
421
422
423
425
426
427
429
430
432
433
435
436
437
437
437
437
437
437
437
437
437
437
437
437
437
437
437
235
236
238
239
240
242
243
244
245
247
248
250
251
252
254
256
415
416
418
419
420
422
423
424
425
427
428
430
432
433
434
435
436
436
436
436
436
436
436
436
436
436
436
436
436
436
436
436
194
195
197
217
219
220
221
223
224
225
226
228
229
230
232
233
415
416
417
419
421
422
423
424
425
426
427
429
431
432
433
434
172
174
175
177
178
179
181
182
184
185
186
187
188
190
191
193
415
416
417
420
421
422
423
424
425
426
427
428
430
432
433
433
135
137
138
139
141
142
143
145
146
163
165
166
167
169
170
171
415
417
418
419
420
422
423
425
426
427
428
430
431
432
432
432
114
116
117
118
120
121
122
124
125
126
127
129
130
132
133
134
415
416
417
418
419
420
421
423
424
425
426
427
428
429
430
431
94
95
96
97
99
100
101
103
104
105
107
108
109
110
112
113
415
416
417
418
419
420
421
422
424
425
426
428
429
429
429
429
60
61
63
64
65
66
68
69
70
72
73
74
75
77
78
92
415
416
417
418
419
420
421
422
423
424
425
426
427
428
428
428
31
32
33
34
36
37
38
48
50
51
52
54
55
56
57
59
415
416
417
418
419
420
421
423
424
425
426
426
426
426
426
426
10
12
13
14
15
17
18
19
20
22
23
24
25
27
28
29
415
416
417
418
419
420
421
422
423
423
423
423
423
423
423
423
0
2
3
4
372
373
374
375
377
379
380
381
382
385
386
387
396
397
398
400
401
403
404
405
407
409
410
412
414
415
416
417
418
419
419
419
419
419
419
419
419
419
419
419
419
419
419
419
327
328
329
330
333
334
335
336
337
340
341
342
366
368
369
371
391
392
393
395
397
398
399
400
403
404
405
406
407
409
411
412
413
414
414
414
414
414
414
414
414
414
414
414
414
414
414
414
282
283
284
285
287
289
290
291
292
295
296
320
321
323
325
326
390
391
393
395
396
397
398
399
401
402
404
405
406
408
410
412
413
413
413
413
413
413
413
413
413
413
413
413
413
413
413
413
260
261
262
263
264
266
268
269
270
271
274
275
276
278
279
281
390
392
393
394
396
397
398
400
401
402
404
405
407
408
410
411
412
412
412
412
412
412
412
412
412
412
412
412
412
412
412
412
237
239
241
242
243
244
245
246
249
250
251
253
254
255
257
258
391
392
393
394
395
397
398
399
400
402
403
405
408
409
410
411
215
217
218
220
222
223
224
225
226
227
229
231
232
233
234
236
390
391
392
394
396
397
398
399
400
401
402
404
406
407
408
409
410
410
410
410
410
410
410
410
410
410
410
410
410
410
410
410
160
161
162
198
199
201
203
204
205
206
207
208
210
212
213
214
390
391
392
395
396
397
398
399
400
401
402
403
404
405
406
407
408
408
408
408
408
408
408
408
408
408
408
408
408
408
408
408
138
139
140
142
144
145
146
147
149
150
152
153
154
155
156
158
390
392
393
394
395
397
398
399
400
401
402
403
405
406
407
407
117
118
119
121
123
124
125
126
128
129
130
131
133
134
136
137
390
391
392
393
394
395
396
398
401
402
403
404
405
406
406
406
96
98
99
100
101
102
104
105
106
108
109
111
112
113
114
115
390
391
392
393
394
395
396
397
399
400
401
403
404
404
404
404
63
64
65
79
80
82
83
85
86
87
88
89
91
92
93
95
390
391
392
393
395
396
397
398
399
400
401
402
403
403
403
403
33
35
36
37
38
39
41
42
44
45
46
47
57
58
60
62
390
391
392
393
394
395
396
398
399
400
401
401
401
401
401
401
13
14
15
16
18
19
20
21
23
24
26
27
28
29
30
32
390
391
392
393
394
395
396
397
398
399
399
399
399
399
399
399
5
6
8
9
10
11
351
353
354
355
357
358
360
361
363
364
374
375
377
378
380
381
382
384
386
388
389
390
391
392
393
394
395
395
395
395
395
395
395
395
395
395
395
395
395
395
395
395
305
307
308
310
311
312
314
315
317
319
344
345
346
347
349
350
366
368
369
370
372
373
374
375
376
379
380
381
382
383
385
387
388
389
389
389
389
389
389
389
389
389
389
389
389
389
389
389
283
284
286
287
288
290
291
293
294
296
298
299
300
302
303
304
366
367
369
371
372
373
374
376
377
378
380
381
383
384
386
387
388
388
388
388
388
388
388
388
388
388
388
388
388
388
388
388
240
242
243
244
246
247
248
250
251
252
254
277
278
279
280
282
367
368
369
370
371
372
373
374
375
376
378
379
381
384
385
386
387
387
387
387
387
387
387
387
387
387
387
387
387
387
387
387
219
220
221
223
224
225
227
228
229
230
232
234
235
237
238
239
366
367
368
369
370
372
373
374
375
376
377
378
380
382
383
385
386
386
386
386
386
386
386
386
386
386
386
386
386
386
386
386
178
180
181
182
184
185
186
187
189
190
191
193
194
196
197
218
366
367
368
371
372
373
374
375
376
377
379
380
381
382
383
384
385
385
385
385
385
385
385
385
385
385
385
385
385
385
385
385
157
158
159
161
162
164
165
166
167
169
170
171
173
174
175
177
366
368
369
370
371
373
374
375
376
377
378
379
381
382
383
383
120
121
122
124
125
126
127
129
130
148
149
150
151
153
154
155
367
368
369
370
371
372
373
374
378
379
380
381
382
382
382
382
99
100
102
103
104
106
107
108
109
110
112
113
115
116
117
119
366
367
368
369
370
371
372
373
375
376
377
379
380
381
381
381
65
67
68
69
70
72
73
74
76
77
78
93
94
95
96
97
366
367
368
369
370
371
372
373
374
375
376
377
378
379
379
379
45
46
47
49
50
51
52
54
55
56
58
59
60
61
63
64
366
367
368
369
370
371
372
374
375
376
377
377
377
377
377
377
16
17
18
19
21
22
23
24
25
27
28
29
40
41
42
43
366
367
368
369
370
371
372
373
374
375
375
375
375
375
375
375
1
2
3
4
11
12
13
14
329
330
332
334
335
336
337
339
352
353
355
357
358
359
360
361
365
366
367
368
369
370
371
371
305
306
307
309
311
312
313
314
316
320
321
323
324
326
327
328
343
344
346
347
349
350
351
352
353
356
357
358
359
360
362
364
365
365
365
365
365
365
365
365
365
365
365
365
365
365
365
365
241
243
244
245
246
248
249
251
252
253
297
298
300
301
303
304
343
344
346
348
349
350
351
352
353
355
356
358
361
362
363
364
201
202
204
205
206
207
208
210
211
213
214
215
236
237
239
240
343
344
345
346
347
349
350
351
352
353
354
355
357
359
360
362
363
363
363
363
363
363
363
363
363
363
363
363
363
363
363
363
179
180
182
183
185
186
187
188
189
191
192
194
195
196
198
199
343
344
345
348
349
350
351
352
353
354
356
357
359
360
361
362
142
143
144
146
147
149
150
151
152
154
155
156
158
159
160
162
343
345
346
347
348
350
351
352
354
355
356
358
359
360
360
360
121
122
123
125
126
127
128
130
131
133
134
135
136
138
139
140
344
345
346
347
348
349
350
351
353
355
356
357
358
359
359
359
87
88
89
91
105
106
108
109
110
111
113
114
115
117
118
119
343
344
345
346
347
348
350
352
353
354
356
357
358
358
358
358
66
67
69
70
71
73
74
75
76
78
79
80
82
83
84
86
343
344
345
346
347
348
349
350
352
353
354
355
356
356
356
356
37
38
39
41
42
43
44
46
47
57
58
60
61
62
64
65
343
344
345
346
347
348
349
351
352
353
354
354
354
354
354
354
16
18
19
20
21
23
24
25
26
28
29
30
32
33
34
35
343
344
345
346
347
348
349
350
351
352
352
352
352
352
352
352
0
1
3
4
5
6
8
9
15
286
288
290
291
292
293
294
331
332
334
335
336
338
339
342
343
344
345
346
347
348
349
349
264
265
267
269
270
271
272
273
276
277
279
280
282
283
284
285
320
322
323
324
326
327
328
329
330
331
332
334
335
337
338
339
341
342
342
342
342
342
342
342
342
342
342
342
342
342
342
342
225
226
227
228
230
232
233
234
235
255
256
258
259
261
262
263
321
322
323
324
326
327
328
329
330
331
332
334
336
337
338
340
341
341
341
341
341
341
341
341
341
341
341
341
341
341
341
341
186
187
188
189
190
193
194
195
196
197
217
218
219
221
223
224
320
321
322
324
326
327
328
329
330
331
333
334
336
337
338
339
340
340
340
340
340
340
340
340
340
340
340
340
340
340
340
340
164
166
167
169
170
171
172
173
175
177
178
179
180
181
184
185
320
321
322
323
324
325
326
327
328
329
330
332
333
335
338
339
143
145
146
147
148
150
151
153
154
155
156
157
159
161
162
163
320
322
323
324
325
327
328
329
331
332
333
335
336
337
338
338
122
124
125
126
127
129
130
131
132
134
135
137
138
139
140
141
321
322
323
324
325
326
327
328
330
331
332
333
334
335
336
336
101
102
103
105
106
107
109
110
112
113
114
115
116
118
119
120
320
321
322
323
324
325
327
329
330
331
333
334
335
335
335
335
67
68
70
72
73
74
75
76
77
92
93
94
96
97
99
100
320
321
322
323
324
325
326
327
329
330
331
332
333
333
333
333
38
39
40
42
43
45
46
47
48
49
51
52
54
55
56
66
320
321
322
323
324
325
326
328
329
330
331
332
332
332
332
332
17
19
20
21
22
24
25
27
28
29
30
31
33
34
36
37
320
321
322
323
324
325
326
327
328
329
329
329
329
329
329
329
0
1
2
4
10
11
12
14
15
16
289
290
291
292
293
295
309
311
312
313
315
316
319
320
321
322
323
324
325
326
326
326
265
268
269
270
271
272
274
276
277
279
281
282
283
284
285
286
297
299
300
301
303
304
305
306
308
309
311
312
314
315
316
318
319
319
319
319
319
319
319
319
319
319
319
319
319
319
319
319
226
227
228
231
232
233
234
235
255
256
258
260
261
262
263
264
298
299
300
301
303
304
305
306
307
308
309
311
313
314
315
317
318
318
318
318
318
318
318
318
318
318
318
318
318
318
318
318
206
207
208
209
212
213
214
215
216
217
218
219
222
223
224
225
297
298
299
301
303
304
305
306
307
308
310
311
313
314
315
316
317
317
317
317
317
317
317
317
317
317
317
317
317
317
317
317
166
168
169
170
171
172
173
176
177
178
198
199
200
203
204
205
297
298
299
300
301
302
303
304
305
306
307
309
310
312
315
316
145
146
147
148
150
152
153
154
155
156
157
160
161
162
163
164
297
298
299
300
301
302
304
305
306
308
309
310
312
313
314
315
124
125
126
128
129
130
131
132
134
136
137
138
139
140
141
144
298
299
300
301
302
303
304
305
307
308
309
310
311
312
313
313
102
103
105
106
107
109
111
112
113
114
115
116
118
119
120
123
297
298
299
300
301
302
304
306
307
308
310
311
312
312
312
312
81
83
85
86
87
88
89
90
92
93
94
96
98
99
100
101
297
298
299
300
301
302
303
304
306
307
308
309
310
310
310
310
39
40
42
44
45
46
47
48
49
51
53
54
55
56
79
80
297
298
299
300
301
302
303
305
307
308
309
309
309
309
309
309
19
20
21
22
24
26
27
28
29
30
31
33
35
36
37
38
297
298
299
300
301
302
303
304
305
306
306
306
306
306
306
306
5
6
7
9
10
11
12
14
15
16
17
248
249
251
252
253
288
289
291
294
295
296
297
298
299
300
301
302
303
303
303
303
207
209
210
211
213
214
216
236
238
239
240
241
243
244
245
247
276
277
279
280
281
283
284
285
286
287
288
290
292
293
295
296
186
187
188
190
191
192
194
195
197
198
200
201
202
204
205
206
276
277
278
280
282
283
284
285
286
287
289
290
292
293
294
295
165
166
167
168
170
171
172
174
175
176
178
179
181
182
183
185
276
277
278
279
280
281
282
283
284
285
287
288
289
291
293
294
127
128
130
132
133
134
135
136
138
139
141
142
143
144
146
163
276
277
278
279
280
281
283
284
286
287
288
289
290
291
292
293
107
108
109
110
111
113
114
116
117
118
120
121
122
123
125
126
276
277
278
279
280
281
282
283
284
285
286
287
290
291
291
291
73
74
75
77
78
79
81
82
83
84
86
87
88
90
91
105
276
277
278
279
280
282
283
285
286
287
288
289
290
290
290
290
52
53
55
56
57
59
60
61
62
64
65
66
68
69
70
71
276
277
278
279
280
281
282
284
286
287
288
288
288
288
288
288
23
24
25
26
28
29
31
32
33
34
35
37
38
48
50
51
276
277
278
279
280
281
282
283
284
285
286
286
286
286
286
286
0
2
3
4
5
7
8
9
15
17
18
19
20
22
252
253
273
274
275
276
277
278
279
280
281
282
283
283
283
283
283
283
211
213
215
216
237
238
239
240
241
243
244
246
247
248
249
251
255
256
258
259
260
262
263
264
265
267
268
269
270
271
272
274
275
275
275
275
275
275
275
275
275
275
275
275
275
275
275
275
190
191
192
194
196
197
199
200
201
202
204
205
206
208
209
210
255
256
257
259
261
262
263
264
265
266
268
269
271
272
273
274
168
170
171
173
174
175
176
178
180
181
182
183
185
186
187
189
255
256
257
260
261
262
263
264
266
267
268
270
272
273
273
273
148
149
150
151
152
154
155
157
158
159
160
162
164
165
166
167
255
256
257
258
259
260
262
263
265
266
267
268
270
271
272
272
110
111
113
115
116
117
119
120
121
122
123
125
126
127
128
130
255
256
257
259
260
261
262
263
264
265
266
267
268
269
270
270
77
78
80
81
82
83
84
86
87
89
90
91
106
107
108
109
255
256
257
258
259
261
262
264
265
266
267
268
269
269
269
269
56
58
59
60
61
62
64
65
67
68
69
70
71
73
74
76
255
256
257
258
259
260
261
262
263
264
265
266
267
267
267
267
26
28
29
40
41
42
43
44
46
47
49
50
51
52
53
55
255
256
257
258
259
260
261
262
263
264
265
265
265
265
265
265
2
3
4
6
7
8
9
16
17
18
19
21
22
23
24
25
255
256
257
258
259
260
261
262
263
263
263
263
263
263
263
263
1
209
211
212
217
218
219
221
222
224
225
226
227
228
230
231
236
237
238
240
241
243
244
245
246
247
248
249
250
253
254
255
259
259
259
259
259
259
259
259
259
259
259
259
259
259
259
259
186
187
188
189
190
192
193
198
199
200
202
203
205
206
207
208
236
237
238
240
242
243
244
245
246
247
249
250
252
253
253
253
103
118
119
120
122
123
124
126
127
128
129
179
180
181
183
184
236
237
238
240
241
242
244
247
248
249
250
251
252
252
252
252
83
84
85
87
88
89
90
92
93
94
96
97
98
100
101
102
236
237
238
239
240
241
242
243
245
246
247
249
250
250
250
250
53
54
56
66
67
68
70
71
72
74
75
76
77
79
80
81
236
237
238
239
241
242
243
244
245
246
247
248
249
249
249
249
33
34
35
36
38
39
40
42
43
44
45
47
48
49
51
52
236
237
238
239
240
241
242
244
245
246
247
247
247
247
247
247
7
9
10
11
12
14
20
21
22
24
25
26
27
29
30
31
236
237
238
239
240
241
242
243
244
245
245
245
245
245
245
245
0
1
2
4
5
6
165
167
168
170
171
172
173
174
175
176
220
221
222
224
225
226
227
229
230
231
235
236
237
238
239
240
241
241
241
241
241
241
241
241
241
241
241
241
241
241
241
241
143
144
147
148
149
151
152
154
155
156
157
158
159
160
163
164
217
218
219
220
221
222
224
225
226
228
229
230
231
233
234
235
111
113
114
115
116
117
131
132
133
135
136
138
139
140
141
142
218
219
220
221
222
224
225
226
227
228
229
232
233
233
233
233
79
80
81
82
84
86
87
88
89
90
91
105
106
107
108
110
217
218
219
220
221
223
224
226
227
228
229
231
232
232
232
232
59
61
62
64
65
66
67
68
69
71
73
74
75
76
77
78
217
218
219
220
221
222
223
224
225
226
227
228
229
230
230
230
39
40
41
43
44
46
47
48
49
50
52
53
55
56
57
58
217
218
219
220
221
222
223
225
227
228
229
229
229
229
229
229
18
20
21
22
23
25
26
28
29
30
31
32
34
35
37
38
217
218
219
220
221
222
223
224
225
226
226
226
226
226
226
226
0
1
2
3
5
6
7
8
15
16
17
172
173
174
175
177
207
208
210
211
212
216
217
218
219
220
221
222
223
223
223
223
151
153
154
155
156
157
158
159
161
163
164
165
167
169
170
171
198
199
201
202
203
205
206
207
209
210
211
212
215
216
216
216
117
131
132
133
135
137
138
139
140
141
142
143
145
147
148
149
198
199
200
201
202
203
205
206
208
209
210
211
212
213
214
215
99
100
101
102
103
104
105
106
107
108
110
112
113
114
115
116
198
199
200
201
202
203
204
205
207
208
209
210
212
213
213
213
66
67
68
69
72
73
74
75
76
77
78
92
93
94
95
97
198
199
200
201
202
203
204
205
207
208
209
210
211
212
212
212
46
47
48
49
50
52
54
55
56
57
58
59
61
63
64
65
198
199
200
201
202
203
204
206
208
209
210
210
210
210
210
210
25
27
28
29
30
31
32
34
36
37
38
39
40
41
43
45
198
199
200
201
202
203
204
205
206
207
208
208
208
208
208
208
0
1
2
3
10
11
12
13
15
16
17
18
20
21
22
23
198
199
200
201
202
203
204
205
205
205
205
205
205
205
205
205
157
158
160
161
163
164
165
168
169
170
171
172
173
174
176
177
179
180
182
183
184
186
187
188
189
190
191
192
193
196
197
197
137
138
139
140
141
142
144
145
147
148
149
152
153
154
155
156
179
181
182
183
184
186
187
188
189
190
191
192
193
195
196
196
104
105
106
107
108
111
112
113
114
115
116
117
131
132
133
136
179
180
181
182
183
184
186
188
189
190
191
193
194
195
195
195
86
87
88
89
90
91
92
93
94
95
98
99
100
101
102
103
179
180
181
182
183
185
186
188
189
190
191
192
193
193
193
193
53
54
55
56
57
58
59
62
63
64
65
79
80
81
82
85
179
180
181
182
183
184
185
187
190
191
192
192
192
192
192
192
31
32
35
36
37
38
39
40
41
44
45
46
47
48
49
50
179
180
181
182
183
184
185
187
188
189
190
190
190
190
190
190
11
12
13
15
16
17
18
20
21
22
23
26
27
28
29
30
179
180
181
182
183
184
185
186
187
188
188
188
188
188
188
188
5
6
7
8
10
104
118
119
121
122
123
124
126
127
128
129
163
164
165
167
168
169
171
174
175
176
177
178
179
180
181
182
183
184
184
184
184
184
184
184
184
184
184
184
184
184
184
184
83
84
85
87
88
89
91
92
93
95
96
97
98
100
101
102
163
164
165
166
167
168
169
170
172
173
174
176
177
177
177
177
62
63
65
66
67
69
70
71
72
74
75
76
78
79
80
82
163
164
165
166
168
169
170
171
172
173
174
175
176
176
176
176
33
34
35
36
38
39
41
42
43
44
45
47
57
58
60
61
163
164
165
166
167
168
169
171
172
173
174
174
174
174
174
174
8
9
10
11
13
14
20
21
23
24
25
26
27
29
30
32
163
164
165
166
167
168
169
170
171
172
172
172
172
172
172
172
0
1
3
4
5
6
118
120
121
122
123
124
126
127
128
129
147
148
149
151
152
153
155
159
160
161
162
163
164
165
166
167
168
168
168
168
168
168
168
168
168
168
168
168
168
168
168
168
84
85
87
88
90
91
92
94
95
96
97
98
100
101
103
104
147
148
149
150
151
152
153
154
156
157
158
160
161
161
161
161
63
65
66
68
69
70
71
72
74
75
77
78
79
81
82
83
147
148
149
150
152
153
154
155
156
157
158
159
160
160
160
160
34
35
36
38
48
50
51
52
53
54
56
57
59
60
61
62
147
148
149
150
151
152
153
155
156
157
158
158
158
158
158
158
9
10
12
13
14
20
22
23
24
25
26
27
29
31
32
33
147
148
149
150
151
152
153
154
155
156
156
156
156
156
156
156
0
2
3
4
5
7
8
120
121
122
123
124
126
127
128
129
132
133
135
136
137
139
143
144
145
146
147
148
149
150
151
152
85
87
89
90
91
93
94
95
96
97
98
100
102
103
104
119
131
132
133
134
135
136
137
138
140
141
142
144
145
146
146
146
65
67
68
69
70
71
72
74
76
77
78
80
81
82
83
84
131
132
133
134
135
136
137
138
139
140
141
142
143
144
144
144
44
45
47
49
50
51
52
53
54
56
58
59
60
61
62
63
131
132
133
134
135
136
137
139
140
141
142
142
142
142
142
142
11
12
13
14
21
22
23
24
25
26
27
29
40
41
42
43
131
132
133
134
135
136
137
138
139
140
140
140
140
140
140
140
1
2
3
4
6
7
8
9
99
105
106
107
108
110
111
112
118
119
120
121
122
123
124
125
129
130
131
132
133
134
135
136
71
72
73
79
80
81
82
84
85
86
92
93
94
95
97
98
118
119
120
121
122
123
124
125
127
128
129
129
129
129
129
129
10
11
12
13
15
16
17
18
25
26
27
28
66
67
68
69
118
119
120
121
122
123
124
125
126
127
127
127
127
127
127
127
0
1
2
3
5
6
7
8
54
57
58
59
60
61
62
63
105
106
107
109
110
111
112
116
117
118
119
120
121
122
123
123
34
35
36
39
40
41
42
43
44
45
48
49
50
51
52
53
105
106
107
108
109
110
111
112
114
115
116
116
116
116
116
116
8
9
10
11
12
13
14
20
21
22
23
24
30
31
32
33
105
106
107
108
109
111
112
113
114
114
114
114
114
114
114
114
0
1
2
3
4
5
6
7
55
57
58
59
60
61
62
64
92
93
94
96
97
98
99
103
104
105
106
107
108
109
110
111
34
35
37
39
40
41
42
43
44
46
48
49
50
51
52
53
92
93
94
95
96
97
98
99
101
102
103
103
103
103
103
103
8
9
15
16
17
18
19
20
21
22
23
24
30
31
32
33
92
93
94
95
96
98
99
100
101
101
101
101
101
101
101
101
0
1
2
3
4
5
6
7
55
57
58
59
60
61
63
64
79
80
81
83
84
85
86
90
91
92
93
94
95
96
97
98
34
36
37
39
40
41
42
43
45
46
48
49
50
51
52
54
79
80
81
82
83
84
85
86
88
89
90
90
90
90
90
90
13
14
15
16
17
18
19
20
21
22
23
24
30
31
32
33
79
80
81
82
83
85
86
87
88
88
88
88
88
88
88
88
0
1
2
3
4
10
11
12
55
57
58
59
60
62
63
64
66
67
68
70
71
72
73
77
78
79
80
81
82
83
84
85
35
36
37
39
40
41
42
44
45
46
48
49
50
51
53
54
66
67
68
69
70
71
72
73
75
76
77
77
77
77
77
77
13
14
15
16
17
18
19
20
21
22
23
24
30
31
32
33
66
67
68
69
70
72
73
74
75
75
75
75
75
75
75
75
5
6
7
8
9
10
11
12
15
16
17
19
25
26
27
28
57
58
59
60
61
62
63
64
65
66
67
68
69
70
71
72
0
1
2
4
5
6
7
9
10
11
12
14
25
26
27
28
52
53
54
55
56
57
58
59
60
61
62
63
63
63
63
63
0
1
3
4
5
6
8
9
10
11
13
14
15
16
18
19
48
49
50
51
52
53
54
55
55
55
55
55
55
55
55
55
5
7
8
9
10
12
13
14
15
17
18
19
25
26
27
28
39
40
41
42
43
44
45
46
47
47
47
47
47
47
47
47
0
2
3
4
11
12
13
14
16
17
18
19
25
26
27
28
30
31
32
33
34
35
36
37
38
39
40
41
42
43
43
43
1
2
3
4
6
7
8
9
30
31
32
33
34
35
35
35
