0
3
7
10
13
17
21
24
27
30
33
36
39
42
46
50
53
56
60
63
66
69
72
75
78
81
85
89
93
96
99
102
105
108
111
114
117
120
123
126
129
132
135
138
141
144
147
150
154
157
160
163
166
169
172
175
178
181
184
187
190
193
196
199
202
205
208
211
215
219
223
226
229
232
235
238
241
244
248
252
255
258
261
264
267
270
273
276
279
282
285
288
291
294
297
300
303
306
310
314
317
320
323
326
329
332
335
339
342
345
348
351
354
357
360
364
367
370
373
376
379
382
385
388
391
394
397
400
403
406
409
412
415
418
421
424
427
430
433
436
439
442
445
448
451
454
457
461
464
467
470
473
476
479
482
485
488
491
494
497
501
504
507
510
513
516
519
522
525
528
531
534
537
540
543
546
550
553
556
559
562
565
568
571
574
577
581
584
587
590
593
596
599
602
605
608
611
614
618
621
624
628
632
635
638
641
644
647
650
653
657
660
663
666
669
672
675
678
681
684
687
691
695
699
702
705
708
711
714
717
720
723
727
730
733
736
739
742
745
748
751
754
757
760
763
766
769
772
775
778
781
784
788
792
795
798
801
804
807
810
813
816
819
822
825
828
831
834
837
840
843
846
850
854
858
861
864
867
870
873
876
879
883
886
889
892
895
898
901
904
907
910
913
916
919
922
925
928
931
935
938
941
944
947
950
953
956
960
963
966
969
972
975
978
981
985
988
991
994
997
1000
1003
1006
1009
1012
1015
1018
1021
1024
1027
1030
1033
1036
1039
1042
1045
1048
1052
1055
1058
1061
1064
1067
1070
1073
1076
1079
1082
1086
1089
1092
1095
1099
1102
1105
1108
1111
1114
1117
1120
1123
1126
1129
1132
1135
1138
1141
1144
1147
1150
1153
1156
1159
1162
1165
1168
1171
1174
1177
1180
1183
1186
1189
1192
1196
1199
1202
1205
1208
1211
1214
1217
1220
1224
1227
1230
1234
1237
1240
1243
1246
1249
1252
1256
1259
1263
1266
1269
1272
1275
1278
1281
1284
1288
1291
1294
1297
1300
1303
1306
1309
1312
1315
1318
1321
1324
1328
1331
1334
1337
1340
1343
1346
1350
1353
1357
1360
1363
1366
1369
1372
1375
1378
1381
1385
1388
1391
1394
1397
1400
1403
1406
1409
1412
1415
1418
1421
1424
1427
1430
1433
1436
1439
1442
1445
1448
1451
1454
1457
1460
1463
1466
1469
1472
1475
1478
1481
1484
1487
1490
1493
1496
1499
1502
1505
1508
1511
1514
1517
1520
1523
1526
1529
1532
1536
1540
1543
1546
1549
1552
1555
1558
1562
1565
1568
1571
1574
1577
1580
1583
1586
1589
1592
1595
1598
1601
1604
1607
1610
1613
1616
1619
1622
1625
1629
1632
1635
1638
1641
1644
1647
1650
1653
1656
1659
1662
1665
1668
1671
1674
1677
1680
1683
1686
1689
1692
1695
1698
1701
1704
1707
1710
1713
1717
1720
1723
1726
1730
1733
1736
1739
1742
1745
1748
1751
1754
1758
1761
1764
1767
1770
1773
1776
1780
1783
1787
1790
1793
1796
1799
1802
1805
1808
1811
1814
1817
1820
1824
1827
1830
1833
1836
1839
1842
1845
1848
1852
1855
1858
1861
1864
1867
1870
1873
1877
1881
1884
1887
1890
1893
1896
1899
1902
1905
1908
1911
1914
1917
1920
1923
1926
1929
1932
1935
1938
1942
1945
1948
1951
1954
1957
1960
1963
1966
1969
1972
1975
1978
1981
1984
1987
1990
1994
1997
2000
2003
2006
2009
2012
2016
2019
2022
2025
2028
2031
2034
2037
2040
2043
2046
2049
2052
2055
2058
2061
2064
2067
2070
2073
2077
2080
2083
2086
2089
2092
2095
2098
2101
2104
2107
2111
2114
2117
2120
2123
2126
2129
2132
2135
2138
2141
2144
2147
2150
2153
2156
2159
2162
2165
2168
2171
2174
2177
2180
2183
2186
2189
2192
2195
2198
2201
2204
2207
2211
2214
2218
2221
2224
2227
2230
2233
2236
2239
2243
2247
2250
2253
2257
2260
2263
2266
2269
2272
2275
2278
2281
2285
2288
2291
2294
2297
2300
2303
2306
2310
2314
2317
2320
2323
2326
2329
2332
2335
2338
2341
2344
2347
2351
2354
2357
2360
2363
2366
2369
2372
2375
2378
2381
2384
2387
2390
2393
2396
2399
2403
2406
2409
2412
2415
2418
2421
2424
2427
2430
2433
2436
2439
2442
2445
2448
2451
2454
2457
2460
2463
2466
2469
2472
2475
2478
2481
2484
2487
2490
2494
2498
2501
2504
2507
2510
2513
2516
2520
2523
2526
2529
2532
2535
2538
2541
2544
2547
2550
2553
2556
2559
2562
2565
2568
2571
2574
2577
2580
2583
2586
2589
2592
2595
2598
2601
2604
2607
2610
2613
2616
2619
2622
2625
2628
2632
2635
2638
2641
2644
2647
2650
2653
2656
2659
2662
2665
2668
2671
2675
2678
2681
2684
2688
2691
2694
2697
2700
2703
2706
2709
2712
2716
2719
2722
2725
2728
2731
2734
2738
2741
2745
2748
2751
2754
2757
2760
2763
2766
2769
2773
2776
2779
2783
2786
2789
2792
2795
2798
2801
2804
2807
2810
2813
2816
2819
2822
2825
2828
2831
2835
2838
2841
2844
2847
2850
2853
2856
2859
2862
2865
2868
2871
2874
2877
2880
2883
2886
2889
2892
2895
2898
2901
2904
2907
2910
2913
2916
2919
2922
2926
2930
2933
2936
2939
2942
2945
2948
2952
2955
2958
2961
2964
2967
2970
2973
2976
2979
2982
2985
2988
2991
2994
2997
3000
3003
3006
3009
3012
3015
3018
3021
3024
3027
3030
3033
3036
3039
3042
3045
3048
3051
3054
3057
3060
3064
3067
3070
3073
3076
3079
3082
3085
3088
3091
3094
3097
3100
3103
3107
3111
3114
3117
3120
3123
3126
3129
3132
3135
3138
3141
3144
3148
3151
3154
3157
3160
3163
3166
3170
3173
3176
3179
3182
3185
3188
3191
3194
3197
3200
3203
3206
3209
3213
3216
3219
3222
3225
3228
3231
3234
3237
3241
3244
3247
3250
3253
3256
3259
3263
3266
3269
3272
3275
3278
3281
3284
3287
3291
3295
3298
3301
3304
3307
3310
3313
3317
3320
3323
3326
3329
3332
3335
3338
3341
3344
3348
3351
3354
3357
3360
3363
3366
3369
3372
3375
3378
3381
3384
3387
3391
3394
3397
3400
3403
3406
3409
3412
3416
3419
3422
3425
3428
3431
3434
3437
3440
3443
3446
3449
3452
3456
3459
3462
3465
3468
3471
3474
3477
3480
3483
3486
3489
3492
3495
3498
3501
3505
3508
3511
3514
3518
3521
3524
3527
3530
3533
3536
3539
3542
3545
3548
3551
3554
3557
3560
3563
3566
3569
3573
3576
3579
3583
3586
3589
3592
3595
3598
3601
3605
3608
3612
3615
3618
3621
3624
3627
3630
3633
3637
3641
3644
3647
3651
3654
3657
3660
3663
3666
3669
3672
3675
3679
3682
3685
3688
3691
3694
3697
3701
3704
3707
3710
3713
3716
3719
3722
3725
3729
3733
3736
3739
3742
3745
3748
3751
3755
3758
3761
3764
3767
3770
3773
3776
3779
3782
3786
3789
3792
3795
3798
3801
3804
3807
3810
3813
3816
3819
3822
3825
3829
3832
3835
3838
3841
3844
3847
3850
3854
3857
3860
3863
3866
3869
3872
3875
3878
3881
3884
3887
3890
3894
3897
3900
3903
3906
3909
3912
3915
3918
3921
3924
3927
3930
3933
3936
3939
3943
3946
3949
3952
3956
3959
3962
3965
3968
3971
3974
3977
3980
3983
3986
3989
3992
3995
3998
4001
4004
4007
4011
4014
4017
4021
4024
4027
4030
4033
4036
4039
4042
4045
4049
4052
4055
4058
4061
4064
4067
4070
4074
4078
4081
4084
4088
4091
4094
4097
4100
4103
4106
4109
4112
4116
4119
4122
4125
4128
4131
4134
4138
4141
4145
4148
4151
4154
4157
4160
4163
4166
4170
4173
4176
4179
4182
4185
4188
4191
4194
4198
4201
4204
4207
4210
4213
4216
4219
4223
4226
4229
4232
4235
4238
4241
4244
4248
4252
4255
4258
4261
4264
4267
4270
4274
4277
4280
4283
4286
4289
4292
4295
4298
4301
4304
4307
4310
4313
4316
4319
4322
4325
4328
4331
4334
4337
4340
4343
4346
4349
4352
4355
4358
4361
4364
4367
4370
4373
4376
4379
4382
4386
4389
4392
4395
4399
4402
4405
4408
4411
4414
4417
4420
4423
4426
4429
4432
4435
4438
4442
4445
4448
4451
4454
4457
4460
4463
4466
4469
4472
4475
4478
4481
4485
4488
4491
4494
4497
4500
4503
4506
4510
4513
4516
4519
4522
4525
4528
4531
4534
4537
4540
4543
4546
4550
4553
4556
4559
4562
4565
4568
4572
4575
4579
4582
4585
4588
4591
4594
4597
4600
4604
4607
4610
4613
4616
4619
4622
4625
4628
4632
4635
4638
4641
4644
4647
4650
4653
4657
4660
4663
4666
4669
4672
4675
4678
4682
4686
4689
4692
4695
4698
4701
4704
4708
4711
4714
4717
4720
4723
4726
4729
4732
4735
4738
4741
4744
4747
4750
4753
4756
4759
4762
4765
4768
4771
4774
4777
4780
4783
4786
4789
4792
4795
4798
4801
4804
4807
4810
4813
4816
4820
4823
4826
4829
4833
4836
4839
4842
4845
4848
4851
4854
4857
4860
4863
4866
4869
4872
4876
4879
4882
4885
4888
4891
4894
4897
4900
4903
4906
4909
4912
4915
4919
4922
4925
4928
4931
4934
4937
4941
4944
4948
4951
4954
4957
4960
4963
4966
4969
4973
4977
4980
4983
4986
4989
4992
4995
4998
5001
5004
5007
5010
5013
5016
5019
5022
5025
5028
5031
5034
5038
5041
5044
5047
5050
5053
5056
5059
5062
5065
5068
5071
5074
5077
5080
5083
5086
5090
5093
5096
5099
5102
5105
5108
5112
5115
5118
5121
5124
5127
5130
5133
5136
5139
5142
5145
5148
5151
5154
5157
5160
5163
5166
5169
5173
5176
5179
5182
5185
5188
5191
5194
5197
5200
5203
5207
5210
5213
5216
5219
5222
5225
5228
5231
5234
5237
5240
5243
5246
5249
5252
5255
5258
5261
5264
5267
5270
5273
5276
5279
5282
5285
5288
5291
5294
5297
5300
5303
5307
5310
5314
5317
5320
5323
5326
5329
5332
5335
5339
5343
5346
5349
5352
5355
5358
5361
5364
5367
5370
5373
5376
5379
5382
5385
5388
5391
5394
5397
5400
5403
5406
5409
5412
5415
5418
5421
5424
5427
5430
5433
5436
5439
5442
5446
5449
5452
5455
5458
5461
5464
5467
5471
5474
5477
5480
5483
5486
5489
5492
5495
5498
5501
5504
5507
5510
5513
5516
5519
5522
5525
5528
5531
5534
5538
5541
5544
5547
5550
5553
5556
5559
5562
5565
5568
5572
5575
5578
5581
5584
5587
5590
5593
5596
5599
5602
5605
5608
5611
5614
5617
5620
5623
5626
5629
5632
5635
5638
5641
5644
5647
5650
5653
5656
5659
5662
5665
5668
5672
5675
5679
5682
5685
5688
5691
5694
5697
5700
5704
5708
5711
5714
5717
5720
5723
5726
5729
5732
5735
5738
5741
5744
5747
5750
5753
5756
5759
5762
5765
5768
5771
5774
5777
5780
5783
5786
5789
5792
5795
5798
5801
5804
5807
5811
5814
5817
5820
5823
5826
5829
5832
5836
5839
5842
5845
5848
5851
5854
5857
5860
5863
5866
5869
5872
5875
5878
5881
5884
5887
5890
5893
5896
5899
5903
5906
5909
5912
5915
5918
5921
5924
5927
5930
5933
5937
5940
5943
5946
5949
5952
5955
5958
5961
5964
5967
5970
5973
5976
5979
5982
5985
5988
5991
5994
5997
6000
6003
6006
6009
6012
6015
6018
6021
6024
6027
6030
6033
6037
6040
6044
6047
6050
6053
6056
6059
6062
6065
6069
6073
6076
6079
6082
6085
6088
6091
6094
6097
6100
6103
6106
6109
6112
6115
6118
6121
6124
6127
6130
6133
6136
6139
6142
6145
6148
6151
6154
6157
6160
6163
6166
6169
6172
6176
6179
6182
6185
6188
6191
6194
6197
6201
6204
6207
6210
6213
6216
6219
6222
6225
6228
6231
6234
6237
6240
6243
6246
6249
6252
6255
6258
6261
6264
6268
6271
6274
6277
6280
6283
6286
6289
6292
6295
6298
6302
6305
6308
6311
6314
6317
6320
6323
6326
6329
6332
6335
6338
6341
6344
6347
6350
6353
6356
6359
6362
6365
6368
6371
6374
6377
6380
6383
6386
6389
6392
6395
6398
6402
6405
6409
6412
6415
6418
6421
6424
6427
6430
6434
6437
6440
6443
6446
6449
6452
6455
6458
6462
6465
6468
6471
6474
6477
6480
6483
6486
6489
6492
6495
6498
6501
6504
6507
6510
6513
6516
6519
6523
6526
6529
6532
6535
6538
6541
6544
6547
6550
6553
6556
6559
6563
6566
6569
6572
6575
6578
6581
6584
6587
6590
6593
6596
6599
6602
6605
6608
6611
6614
6617
6620
6623
6626
6629
6632
6635
6638
6641
6644
6648
6651
6654
6657
6661
6664
6667
6670
6673
6676
6679
6682
6685
6688
6691
6694
6697
6700
6704
6707
6710
6713
6716
6719
6722
6725
6728
6731
6734
6737
6740
6743
6747
6750
6753
6756
6759
6762
6765
6769
6772
6776
6779
6782
6785
6788
6791
6794
6797
6801
6804
6807
6810
6813
6816
6819
6822
6825
6829
6832
6835
6838
6841
6844
6847
6850
6854
6857
6860
6863
6866
6869
6872
6875
6879
6883
6886
6889
6892
6895
6898
6901
6905
6908
6911
6914
6917
6920
6923
6926
6929
6933
6936
6939
6942
6945
6948
6951
6954
6957
6960
6963
6966
6969
6972
6975
6978
6981
6984
6987
6990
6993
6996
6999
7002
7005
7008
7011
7014
7018
7021
7024
7027
7031
7034
7037
7040
7043
7046
7049
7052
7055
7058
7061
7064
7067
7070
7074
7077
7080
7083
7086
7089
7092
7095
7098
7101
7104
7107
7110
7113
7116
7119
7122
7125
7128
7131
7134
7137
7141
7144
7147
7150
7153
7156
7159
7163
7166
7169
7172
7175
7178
7181
7184
7187
7191
7194
7197
7200
7203
7206
7209
7212
7215
7219
7222
7225
7228
7231
7234
7237
7240
7243
7246
7249
7252
7255
7259
7262
7265
7268
7271
7274
7277
7280
7283
7286
7289
7292
7295
7298
7301
7304
7307
7310
7313
7316
7319
7322
7325
7328
7331
7334
7337
7340
7343
7346
7349
7352
7355
7358
7361
7364
7367
7371
7374
7377
7380
7383
7386
7389
7392
7395
7398
7401
7404
7407
7410
7414
7417
7420
7423
7426
7429
7432
7435
7438
7442
7445
7448
7451
7454
7457
7460
7463
7466
7469
7472
7475
7478
7481
7484
7487
7490
7493
7496
7499
7503
7506
7509
7512
7515
7518
7521
7524
7527
7530
7533
7536
7539
7543
7546
7549
7552
7555
7558
7561
7564
7567
7570
7573
7576
7579
7582
7585
7588
7591
7594
7597
7600
7603
7606
7609
7612
7615
7618
7621
7624
7628
7631
7634
7637
7641
7644
7647
7650
7653
7656
7659
7662
7665
7668
7671
7674
7677
7680
7684
7687
7690
7693
7696
7699
7702
7705
7708
7711
7714
7717
7720
7723
7726
7729
7732
7735
7739
7742
7745
7748
7751
7754
7757
7760
7763
7766
7769
7772
7775
7778
7781
7784
7787
7790
7793
7796
7800
7803
7806
7809
7812
7815
7818
7821
7824
7827
7830
7833
7836
7839
7842
7845
7848
7851
7854
7857
7860
7863
7866
7869
7873
7876
7879
7882
7885
7888
7891
7894
7897
7900
7903
7906
7909
7912
7915
7918
7921
7924
7927
7930
7934
7937
7940
7943
7946
7949
7952
7955
7958
7961
7964
7967
7970
7973
7976
7979
7982
7985
7988
7991
7995
7998
8001
8004
8007
8010
8013
8016
8019
8022
8025
8028
8031
8034
8037
8040
8043
8046
8049
8052
8055
8058
8061
8064
8067
8070
8073
8076
8079
8082
8085
8088
8091
8094
8097
8100
8103
8106
8109
8112
8115
8118
8121
8124
8128
8131
8134
8137
8140
8143
8146
8149
8152
8155
8158
8161
8164
8167
8170
8173
8176
8179
8182
8185
8189
8192
8195
8198
8201
8204
8207
8210
8213
8216
8219
8222
8225
8228
8231
8234
8237
8240
8243
8246
8249
8252
8255
8258
8261
8264
8267
8270
8273
8276
8279
8282
8285
8288
8291
8294
8297
8300
8303
8306
8309
8312
8315
8318
8322
8325
8328
8331
8334
8337
8340
8343
8346
8349
8352
8355
8358
8361
8364
8367
8370
8373
8376
8379
8383
8386
8389
8392
8395
8398
8401
8404
8407
8410
8413
8416
8419
8422
8425
8428
8431
8434
8437
8440
8443
8446
8449
8452
8455
8458
8461
8464
8467
8470
8473
8476
8479
8482
8485
8488
8491
8494
8497
8500
8503
8506
8509
8512
8516
8519
8522
8525
8528
8531
8534
8537
8540
8543
8546
8549
8552
8555
8558
8561
8564
8567
8570
8573
8577
8580
8583
8586
8589
8592
8595
8598
8601
8604
8607
8610
8613
8616
8619
8622
8625
8628
8631
8634
8637
8640
8643
8646
8649
8652
8655
8658
8661
8664
8667
8670
8673
8676
8679
8682
8685
8688
8691
8694
8697
8700
8703
8706
8710
8713
8716
8719
8722
8725
8728
8731
8734
8737
8740
8743
8746
8749
8752
8755
8758
8761
8764
8767
8771
8774
8777
8780
8783
8786
8789
8792
8795
8798
8801
8804
8807
8810
8813
8816
8819
8822
8825
8828
8831
8834
8837
8840
8843
8846
8849
8852
8855
8858
8861
8864
8867
8870
8873
8876
8879
8882
8885
8888
8891
8894
8897
8900
8904
8907
8910
8913
8916
8919
8922
8925
8928
8931
8934
8938
8941
8944
8947
8950
8953
8956
8959
8962
8965
8968
8971
8974
8978
8981
8984
8987
8990
8993
8996
8999
9002
9005
9008
9011
9014
9017
9020
9023
9026
9029
9032
9035
9039
9042
9045
9048
9051
9054
9057
9060
9063
9066
9069
9072
9075
9078
9081
9084
9087
9090
9093
9096
9100
9103
9106
9109
9112
9115
9118
9121
9124
9127
9130
9134
9137
9140
9143
9146
9149
9152
9155
9158
9161
9164
9167
9170
9173
9176
9179
9182
9185
9188
9191
9194
9197
9200
9203
9206
9209
9212
9215
9218
9221
9224
9227
9230
9234
9237
9240
9243
9246
9249
9252
9255
9258
9261
9264
9267
9270
9273
9276
9279
9282
9285
9288
9291
9294
9297
9301
9304
9307
9310
9313
9316
9319
9322
9325
9328
9331
9334
9337
9340
9343
9346
9349
9352
9355
9358
9362
9365
9368
9371
9374
9377
9380
9383
9386
9389
9392
9395
9398
9402
9405
9408
9411
9414
9417
9420
9423
9426
9429
9432
9435
9438
9441
9444
9447
9450
9453
9456
9459
9463
9466
9469
9472
9475
9478
9481
9484
9487
9490
9493
9496
9499
9502
9505
9508
9511
9514
9517
9520
9523
9526
9530
9533
9536
9539
9542
9545
9548
9551
9554
9557
9560
9563
9566
9569
9572
9575
9578
9581
9584
9587
9591
9594
9597
9600
9603
9606
9609
9612
9615
9618
9621
9624
9627
9631
9634
9637
9640
9643
9646
9649
9652
9655
9658
9661
9664
9667
9670
9673
9676
9679
9682
9685
9688
9691
9694
9697
9700
9703
9706
9709
9712
9715
9718
9721
9724
9727
9730
9733
9736
9739
9742
9745
9748
9751
9754
9757
9760
9763
9766
9769
9772
9775
9778
9781
9784
9787
9790
9793
9796
9799
9802
9805
9808
9811
9814
9817
9820
9823
9826
9829
9832
9835
9838
9841
9844
9847
9850
9853
9856
9859
9862
9865
9868
9871
9874
9877
9880
9883
9886
9889
9892
9895
9898
9901
9904
9907
9910
9913
9916
9919
9922
9925
9928
9931
9934
9937
9940
9943
9946
9949
9952
9955
9958
9961
9964
9967
9970
9973
9976
9979
9982
9985
9988
9991
9994
9997
10000
10003
10005
